testWeibo1	0	19	32	48	61
testWeibo2	0	54	186	265	346
testWeibo3	0	2	6	6	13
testWeibo4	0	123	276	381	473
testWeibo5	0	0	1	7	43
testWeibo6	0	52	77	101	119
testWeibo7	0	8	14	15	20
testWeibo8	0	4	5	10	15
testWeibo9	0	226	400	529	587
testWeibo10	0	14	27	41	51
testWeibo11	0	138	254	332	392
testWeibo12	0	11	20	36	45
testWeibo13	0	23	32	35	42
testWeibo14	0	239	442	593	646
testWeibo15	0	345	678	856	976
testWeibo16	0	0	1	4	19
testWeibo17	0	15	59	130	165
testWeibo18	0	177	295	385	473
testWeibo19	0	131	256	321	368
testWeibo20	0	0	17	35	52
testWeibo21	0	16	34	56	74
testWeibo22	0	9	19	27	43
testWeibo23	0	5	9	15	15
testWeibo24	0	40	110	216	308
testWeibo25	0	132	223	277	327
testWeibo26	0	76	133	165	189
testWeibo27	0	18	28	83	116
testWeibo28	0	16	33	103	165
testWeibo29	0	6	9	12	17
testWeibo30	0	60	91	118	138
testWeibo31	0	2	6	9	13
testWeibo32	0	4	13	17	24
testWeibo33	0	123	206	251	285
testWeibo34	0	110	170	237	285
testWeibo35	0	30	103	155	192
testWeibo36	0	6	9	17	18
testWeibo37	0	66	124	178	226
testWeibo38	0	85	205	306	415
testWeibo39	0	74	89	134	187
testWeibo40	0	5	7	7	7
testWeibo41	0	23	61	109	142
testWeibo42	0	154	242	298	338
testWeibo43	0	87	166	231	281
testWeibo44	0	1	7	9	14
testWeibo45	0	1	5	9	46
testWeibo46	0	0	5	16	19
testWeibo47	0	155	210	332	398
testWeibo48	0	56	102	156	249
testWeibo49	0	190	381	485	547
testWeibo50	0	68	138	196	249
testWeibo51	0	48	102	138	210
testWeibo52	0	8	42	169	301
testWeibo53	0	30	53	65	107
testWeibo54	0	81	173	331	441
testWeibo55	0	159	235	298	353
testWeibo56	0	45	88	122	175
testWeibo57	0	109	196	258	316
testWeibo58	0	66	107	145	165
testWeibo59	0	2	11	17	25
testWeibo60	0	6	10	10	10
testWeibo61	0	185	407	539	642
testWeibo62	0	222	555	747	807
testWeibo63	0	204	459	672	803
testWeibo64	0	240	381	476	525
testWeibo65	0	73	175	302	384
testWeibo66	0	52	124	166	207
testWeibo67	0	39	60	82	96
testWeibo68	0	20	28	38	46
testWeibo69	0	36	112	193	287
testWeibo70	0	85	156	206	258
testWeibo71	0	21	34	44	57
testWeibo72	0	78	154	191	301
testWeibo73	0	158	260	329	386
testWeibo74	0	90	180	221	260
testWeibo75	0	136	222	315	357
testWeibo76	0	28	115	320	488
testWeibo77	0	182	255	316	361
testWeibo78	0	3	5	5	7
testWeibo79	0	174	229	293	366
testWeibo80	0	52	101	155	247
testWeibo81	0	73	198	283	356
testWeibo82	0	479	723	754	769
testWeibo83	0	320	495	579	637
testWeibo84	0	24	39	49	56
testWeibo85	0	66	108	151	172
testWeibo86	0	7	11	11	11
testWeibo87	0	361	426	458	468
testWeibo88	0	423	692	828	948
testWeibo89	0	21	29	184	293
testWeibo90	0	20	40	51	61
testWeibo91	0	15	38	147	222
testWeibo92	0	122	201	265	325
testWeibo93	0	19	43	55	88
testWeibo94	0	2	4	6	7
testWeibo95	0	79	119	144	169
testWeibo96	0	4	6	7	7
testWeibo97	0	22	40	54	96
testWeibo98	0	74	160	283	406
testWeibo99	0	9	14	16	19
testWeibo100	0	18	44	45	49
testWeibo101	0	88	150	178	200
testWeibo102	0	43	59	73	82
testWeibo103	0	75	128	158	179
testWeibo104	0	55	141	191	253
testWeibo105	0	224	401	532	628
testWeibo106	0	69	138	181	206
testWeibo107	0	83	126	163	205
testWeibo108	0	31	56	98	139
testWeibo109	0	90	197	277	340
testWeibo110	0	79	116	150	177
testWeibo111	0	176	366	491	576
testWeibo112	0	228	581	916	917
testWeibo113	0	462	587	707	762
testWeibo114	0	390	510	573	609
testWeibo115	0	140	259	353	405
testWeibo116	0	186	359	456	531
testWeibo117	0	23	43	56	65
testWeibo118	0	172	318	440	509
testWeibo119	0	34	134	212	262
testWeibo120	0	96	158	203	238
testWeibo121	0	72	112	145	177
testWeibo122	0	19	28	33	38
testWeibo123	0	47	91	150	206
testWeibo124	0	19	35	43	55
testWeibo125	0	77	139	184	215
testWeibo126	0	14	22	28	34
testWeibo127	0	72	98	117	127
testWeibo128	0	6	11	13	16
testWeibo129	0	24	39	46	51
testWeibo130	0	23	63	89	110
testWeibo131	0	40	145	255	341
testWeibo132	0	40	69	85	101
testWeibo133	0	20	165	354	479
testWeibo134	0	41	73	90	97
testWeibo135	0	24	46	67	78
testWeibo136	0	69	223	398	568
testWeibo137	0	1	2	5	10
testWeibo138	0	54	92	106	120
testWeibo139	0	12	54	71	119
testWeibo140	0	33	66	82	94
testWeibo141	0	10	23	34	37
testWeibo142	0	20	71	99	118
testWeibo143	0	24	35	37	40
testWeibo144	0	56	71	86	95
testWeibo145	0	57	176	359	529
testWeibo146	0	30	87	124	165
testWeibo147	0	16	22	23	27
testWeibo148	0	63	143	243	303
testWeibo149	0	131	203	235	309
testWeibo150	0	72	165	271	358
testWeibo151	0	34	66	79	97
testWeibo152	0	38	76	100	121
testWeibo153	0	21	32	40	45
testWeibo154	0	28	39	53	67
testWeibo155	0	1	3	5	6
testWeibo156	0	10	13	34	51
testWeibo157	0	31	36	46	54
testWeibo158	0	23	44	62	70
testWeibo159	0	56	86	123	151
testWeibo160	0	252	371	436	478
testWeibo161	0	25	56	116	159
testWeibo162	0	9	21	28	35
testWeibo163	0	24	49	68	95
testWeibo164	0	24	57	98	122
testWeibo165	0	86	199	281	339
testWeibo166	0	18	43	58	69
testWeibo167	0	2	137	252	359
testWeibo168	0	55	160	228	280
testWeibo169	0	36	195	346	456
testWeibo170	0	213	416	571	647
testWeibo171	0	236	412	530	603
testWeibo172	0	19	30	34	44
testWeibo173	0	60	159	256	317
testWeibo174	0	259	402	499	577
testWeibo175	0	96	135	176	198
testWeibo176	0	4	7	15	26
testWeibo177	0	0	0	18	32
testWeibo178	0	55	162	265	364
testWeibo179	0	74	146	179	204
testWeibo180	0	78	134	162	181
testWeibo181	0	44	62	87	107
testWeibo182	0	10	56	96	150
testWeibo183	0	2	7	10	12
testWeibo184	0	167	285	377	430
testWeibo185	0	71	124	196	237
testWeibo186	0	22	46	134	171
testWeibo187	0	5	26	27	31
testWeibo188	0	3	200	326	397
testWeibo189	0	72	109	126	140
testWeibo190	0	55	87	109	191
testWeibo191	0	208	300	355	394
testWeibo192	0	74	124	156	184
testWeibo193	0	18	30	37	49
testWeibo194	0	81	132	176	207
testWeibo195	0	95	176	217	262
testWeibo196	0	60	154	226	282
testWeibo197	0	14	27	34	45
testWeibo198	0	13	18	24	32
testWeibo199	0	33	56	77	95
testWeibo200	0	26	38	64	73
testWeibo201	0	119	178	227	264
testWeibo202	0	14	22	33	43
testWeibo203	0	60	164	333	454
testWeibo204	0	175	297	383	448
testWeibo205	0	114	233	415	581
testWeibo206	0	75	145	195	247
testWeibo207	0	83	144	179	208
testWeibo208	0	18	28	38	47
testWeibo209	0	150	276	355	413
testWeibo210	0	214	410	503	656
testWeibo211	0	32	73	305	428
testWeibo212	0	22	42	118	280
testWeibo213	0	69	112	156	184
testWeibo214	0	135	222	269	297
testWeibo215	0	435	762	806	845
testWeibo216	0	127	255	370	450
testWeibo217	0	24	41	51	60
testWeibo218	0	108	173	213	242
testWeibo219	0	15	104	345	571
testWeibo220	0	446	593	651	690
testWeibo221	0	581	677	724	737
testWeibo222	0	32	60	85	110
testWeibo223	0	85	151	198	238
testWeibo224	0	7	10	19	26
testWeibo225	0	134	216	280	321
testWeibo226	0	5	9	14	15
testWeibo227	0	252	420	512	557
testWeibo228	0	152	239	304	369
testWeibo229	0	228	323	399	459
testWeibo230	0	115	304	431	522
testWeibo231	0	104	162	197	239
testWeibo232	0	53	84	113	123
testWeibo233	0	4	8	12	22
testWeibo234	0	6	9	9	9
testWeibo235	0	1	12	16	26
testWeibo236	0	19	36	50	57
testWeibo237	0	105	207	272	322
testWeibo238	0	91	149	191	244
testWeibo239	0	160	249	321	384
testWeibo240	0	22	28	37	46
testWeibo241	0	57	212	355	487
testWeibo242	0	103	184	261	323
testWeibo243	0	102	180	240	274
testWeibo244	0	131	231	294	340
testWeibo245	0	29	42	67	99
testWeibo246	0	83	168	217	252
testWeibo247	0	5	5	9	11
testWeibo248	0	5	14	26	37
testWeibo249	0	157	246	292	334
testWeibo250	0	14	36	57	86
testWeibo251	0	146	254	361	424
testWeibo252	0	10	24	38	47
testWeibo253	0	99	204	277	326
testWeibo254	0	146	273	354	416
testWeibo255	0	13	26	40	56
testWeibo256	0	28	150	224	275
testWeibo257	0	177	226	243	250
testWeibo258	0	112	515	682	748
testWeibo259	0	240	402	505	598
testWeibo260	0	86	130	161	175
testWeibo261	0	192	321	395	439
testWeibo262	0	386	495	589	640
testWeibo263	0	138	247	337	392
testWeibo264	0	13	34	50	69
testWeibo265	0	29	51	61	71
testWeibo266	0	3	8	14	16
testWeibo267	0	42	148	320	450
testWeibo268	0	59	138	196	241
testWeibo269	0	296	533	705	822
testWeibo270	0	260	459	555	627
testWeibo271	0	52	87	106	137
testWeibo272	0	71	131	185	227
testWeibo273	0	10	39	75	110
testWeibo274	0	8	28	52	64
testWeibo275	0	105	158	213	246
testWeibo276	0	46	95	118	132
testWeibo277	0	64	115	151	178
testWeibo278	0	53	112	166	278
testWeibo279	0	125	213	309	380
testWeibo280	0	18	34	41	49
testWeibo281	0	73	109	139	167
testWeibo282	0	2	5	7	7
testWeibo283	0	16	37	50	58
testWeibo284	0	32	77	99	127
testWeibo285	0	14	41	69	96
testWeibo286	0	95	171	224	256
testWeibo287	0	143	241	294	339
testWeibo288	0	13	20	29	35
testWeibo289	0	33	94	214	304
testWeibo290	0	16	37	55	77
testWeibo291	0	6	7	9	10
testWeibo292	0	10	23	29	34
testWeibo293	0	37	53	61	72
testWeibo294	0	9	13	17	17
testWeibo295	0	26	59	85	114
testWeibo296	0	22	48	124	150
testWeibo297	0	4	19	23	27
testWeibo298	0	2	2	4	6
testWeibo299	0	90	137	290	479
testWeibo300	0	48	60	69	81
testWeibo301	0	18	25	31	38
testWeibo302	0	35	46	51	59
testWeibo303	0	14	31	69	109
testWeibo304	0	63	90	115	126
testWeibo305	0	53	78	98	107
testWeibo306	0	0	3	5	7
testWeibo307	0	26	49	72	83
testWeibo308	0	46	111	167	212
testWeibo309	0	2	7	16	31
testWeibo310	0	10	27	45	59
testWeibo311	0	46	88	99	109
testWeibo312	0	101	180	244	302
testWeibo313	0	47	75	92	101
testWeibo314	0	6	10	12	17
testWeibo315	0	118	186	255	310
testWeibo316	0	66	148	202	256
testWeibo317	0	18	53	82	97
testWeibo318	0	4	6	7	7
testWeibo319	0	52	252	376	467
testWeibo320	0	62	95	117	144
testWeibo321	0	215	394	539	660
testWeibo322	0	245	501	639	735
testWeibo323	0	65	152	211	253
testWeibo324	0	226	402	523	630
testWeibo325	0	101	131	154	164
testWeibo326	0	31	67	100	135
testWeibo327	0	8	14	23	30
testWeibo328	0	232	416	527	606
testWeibo329	0	183	323	413	485
testWeibo330	0	125	204	250	281
testWeibo331	0	111	215	278	335
testWeibo332	0	117	262	353	419
testWeibo333	0	207	466	598	677
testWeibo334	0	291	493	624	729
testWeibo335	0	490	651	718	764
testWeibo336	0	55	92	137	171
testWeibo337	0	31	41	69	82
testWeibo338	0	328	438	507	560
testWeibo339	0	71	118	155	185
testWeibo340	0	15	36	52	94
testWeibo341	0	20	44	65	71
testWeibo342	0	12	16	82	134
testWeibo343	0	394	510	733	882
testWeibo344	0	9	17	23	27
testWeibo345	0	10	15	21	29
testWeibo346	0	135	212	253	292
testWeibo347	0	4	6	9	10
testWeibo348	0	8	8	9	11
testWeibo349	0	400	608	712	803
testWeibo350	0	60	644	645	645
testWeibo351	0	197	494	655	765
testWeibo352	0	86	143	169	195
testWeibo353	0	12	70	117	132
testWeibo354	0	74	148	192	231
testWeibo355	0	106	284	422	497
testWeibo356	0	36	108	185	266
testWeibo357	0	133	277	367	421
testWeibo358	0	266	418	527	628
testWeibo359	0	185	328	408	475
testWeibo360	0	101	246	337	410
testWeibo361	0	47	51	51	51
testWeibo362	0	19	28	39	49
testWeibo363	0	6	10	11	12
testWeibo364	0	115	204	250	289
testWeibo365	0	37	76	95	108
testWeibo366	0	8	11	13	15
testWeibo367	0	38	38	38	38
testWeibo368	0	3	5	7	8
testWeibo369	0	141	238	298	340
testWeibo370	0	36	58	75	92
testWeibo371	0	4	4	4	24
testWeibo372	0	119	184	235	278
testWeibo373	0	67	116	154	196
testWeibo374	0	86	130	165	185
testWeibo375	0	32	57	85	129
testWeibo376	0	78	114	136	156
testWeibo377	0	32	84	121	155
testWeibo378	0	53	107	207	285
testWeibo379	0	127	185	225	253
testWeibo380	0	29	68	90	111
testWeibo381	0	10	17	30	43
testWeibo382	0	18	25	38	47
testWeibo383	0	27	174	302	423
testWeibo384	0	79	105	145	166
testWeibo385	0	83	137	162	182
testWeibo386	0	34	60	75	88
testWeibo387	0	21	27	31	34
testWeibo388	0	37	102	125	152
testWeibo389	0	74	124	161	200
testWeibo390	0	100	154	199	245
testWeibo391	0	94	216	280	350
testWeibo392	0	289	438	537	713
testWeibo393	0	244	394	489	547
testWeibo394	0	26	40	47	53
testWeibo395	0	28	125	195	250
testWeibo396	0	4	13	19	25
testWeibo397	0	19	39	55	85
testWeibo398	0	5	9	18	28
testWeibo399	0	6	15	50	76
testWeibo400	0	151	337	490	616
testWeibo401	0	9	25	122	133
testWeibo402	0	80	197	275	347
testWeibo403	0	54	104	141	161
testWeibo404	0	81	186	260	329
testWeibo405	0	62	95	136	175
testWeibo406	0	31	60	81	116
testWeibo407	0	97	140	170	192
testWeibo408	0	35	49	57	60
testWeibo409	0	71	172	220	246
testWeibo410	0	7	9	10	53
testWeibo411	0	106	266	329	380
testWeibo412	0	40	107	181	206
testWeibo413	0	22	55	74	91
testWeibo414	0	27	43	50	55
testWeibo415	0	120	261	322	370
testWeibo416	0	74	118	145	162
testWeibo417	0	257	484	595	699
testWeibo418	0	2	7	15	24
testWeibo419	0	7	20	60	100
testWeibo420	0	26	38	47	60
testWeibo421	0	0	63	173	250
testWeibo422	0	52	110	214	280
testWeibo423	0	4	5	8	11
testWeibo424	0	116	226	290	338
testWeibo425	0	0	0	92	185
testWeibo426	0	12	23	37	48
testWeibo427	0	250	396	532	602
testWeibo428	0	39	147	288	370
testWeibo429	0	51	82	111	127
testWeibo430	0	56	96	145	262
testWeibo431	0	58	165	302	352
testWeibo432	0	242	322	374	416
testWeibo433	0	55	154	334	488
testWeibo434	0	10	18	21	33
testWeibo435	0	2	12	16	19
testWeibo436	0	308	459	509	565
testWeibo437	0	68	118	152	190
testWeibo438	0	50	239	400	527
testWeibo439	0	11	18	24	35
testWeibo440	0	39	71	82	105
testWeibo441	0	55	152	265	372
testWeibo442	0	7	10	16	23
testWeibo443	0	4	6	9	9
testWeibo444	0	104	150	182	218
testWeibo445	0	84	222	330	409
testWeibo446	0	86	240	320	373
testWeibo447	0	30	57	72	95
testWeibo448	0	23	29	40	46
testWeibo449	0	24	31	39	46
testWeibo450	0	5	22	29	36
testWeibo451	0	120	196	383	535
testWeibo452	0	6	18	21	26
testWeibo453	0	33	65	102	134
testWeibo454	0	48	71	86	94
testWeibo455	0	283	398	459	495
testWeibo456	0	101	147	224	277
testWeibo457	0	1	60	81	92
testWeibo458	0	8	12	13	17
testWeibo459	0	85	150	198	229
testWeibo460	0	92	217	362	466
testWeibo461	0	110	165	212	250
testWeibo462	0	7	13	16	20
testWeibo463	0	54	73	85	96
testWeibo464	0	372	622	737	821
testWeibo465	0	8	62	116	148
testWeibo466	0	52	128	181	223
testWeibo467	0	73	108	131	152
testWeibo468	0	9	12	18	22
testWeibo469	0	90	158	187	217
testWeibo470	0	130	266	337	405
testWeibo471	0	1	4	7	12
testWeibo472	0	16	31	37	48
testWeibo473	0	23	37	58	86
testWeibo474	0	15	25	38	42
testWeibo475	0	41	62	79	103
testWeibo476	0	370	467	561	607
testWeibo477	0	114	172	223	265
testWeibo478	0	4	5	6	6
testWeibo479	0	108	174	243	289
testWeibo480	0	82	132	172	206
testWeibo481	0	181	294	485	600
testWeibo482	0	145	233	301	364
testWeibo483	0	64	106	139	168
testWeibo484	0	44	48	53	59
testWeibo485	0	95	148	182	216
testWeibo486	0	116	189	237	286
testWeibo487	0	93	144	188	228
testWeibo488	0	120	206	273	318
testWeibo489	0	202	306	367	439
testWeibo490	0	4	4	6	6
testWeibo491	0	135	341	449	529
testWeibo492	0	137	351	845	984
testWeibo493	0	219	261	282	293
testWeibo494	0	16	27	35	42
testWeibo495	0	79	144	217	310
testWeibo496	0	51	93	104	111
testWeibo497	0	45	76	97	116
testWeibo498	0	19	54	107	161
testWeibo499	0	198	342	423	494
testWeibo500	0	251	374	464	534
testWeibo501	0	9	18	22	25
testWeibo502	0	71	158	213	251
testWeibo503	0	109	184	234	277
testWeibo504	0	42	63	76	93
testWeibo505	0	1	4	59	179
testWeibo506	0	0	3	5	9
testWeibo507	0	7	59	132	189
testWeibo508	0	372	678	865	912
testWeibo509	0	155	241	308	380
testWeibo510	0	45	135	239	340
testWeibo511	0	190	347	482	548
testWeibo512	0	386	563	619	668
testWeibo513	0	140	204	262	306
testWeibo514	0	3	4	4	6
testWeibo515	0	11	36	77	120
testWeibo516	0	89	156	222	264
testWeibo517	0	81	191	269	323
testWeibo518	0	41	65	98	126
testWeibo519	0	25	37	46	50
testWeibo520	0	19	36	54	72
testWeibo521	0	125	219	252	279
testWeibo522	0	277	437	544	621
testWeibo523	0	157	261	330	371
testWeibo524	0	4	10	10	10
testWeibo525	0	22	32	47	54
testWeibo526	0	29	41	49	58
testWeibo527	0	157	251	309	356
testWeibo528	0	32	54	67	79
testWeibo529	0	155	263	322	365
testWeibo530	0	4	43	160	242
testWeibo531	0	121	175	213	239
testWeibo532	0	28	49	59	68
testWeibo533	0	138	360	669	722
testWeibo534	0	15	248	399	499
testWeibo535	0	53	65	71	82
testWeibo536	0	315	481	529	566
testWeibo537	0	186	327	398	464
testWeibo538	0	34	59	82	96
testWeibo539	0	71	217	324	392
testWeibo540	0	1	7	7	7
testWeibo541	0	47	69	95	117
testWeibo542	0	6	10	13	18
testWeibo543	0	5	8	12	12
testWeibo544	0	34	53	77	87
testWeibo545	0	6	7	9	11
testWeibo546	0	20	28	40	47
testWeibo547	0	8	93	126	151
testWeibo548	0	5	7	15	38
testWeibo549	0	117	219	293	356
testWeibo550	0	55	120	250	362
testWeibo551	0	4	5	6	11
testWeibo552	0	16	36	85	126
testWeibo553	0	114	182	261	322
testWeibo554	0	12	18	41	57
testWeibo555	0	77	141	255	363
testWeibo556	0	88	220	371	519
testWeibo557	0	144	208	242	272
testWeibo558	0	28	123	185	214
testWeibo559	0	120	218	288	344
testWeibo560	0	105	199	268	315
testWeibo561	0	35	49	58	63
testWeibo562	0	30	120	170	201
testWeibo563	0	54	67	91	101
testWeibo564	0	150	274	376	449
testWeibo565	0	65	118	143	173
testWeibo566	0	62	106	141	170
testWeibo567	0	8	13	15	18
testWeibo568	0	38	120	196	271
testWeibo569	0	28	43	52	59
testWeibo570	0	459	685	808	869
testWeibo571	0	39	183	295	372
testWeibo572	0	22	41	48	57
testWeibo573	0	62	86	105	112
testWeibo574	0	166	275	381	452
testWeibo575	0	19	34	53	61
testWeibo576	0	76	110	140	155
testWeibo577	0	12	21	36	43
testWeibo578	0	25	40	50	68
testWeibo579	0	41	70	91	118
testWeibo580	0	5	7	8	8
testWeibo581	0	22	85	204	321
testWeibo582	0	122	250	365	479
testWeibo583	0	56	109	181	243
testWeibo584	0	52	87	117	134
testWeibo585	0	133	221	261	308
testWeibo586	0	132	222	303	350
testWeibo587	0	59	117	143	171
testWeibo588	0	107	238	330	391
testWeibo589	0	16	27	38	45
testWeibo590	0	25	63	97	116
testWeibo591	0	80	135	344	513
testWeibo592	0	62	93	113	147
testWeibo593	0	95	155	187	226
testWeibo594	0	294	452	574	717
testWeibo595	0	39	52	59	64
testWeibo596	0	90	137	185	218
testWeibo597	0	136	196	221	265
testWeibo598	0	40	58	73	87
testWeibo599	0	35	94	363	522
testWeibo600	0	84	145	186	246
testWeibo601	0	7	11	14	16
testWeibo602	0	12	41	72	147
testWeibo603	0	3	6	6	7
testWeibo604	0	94	149	193	285
testWeibo605	0	27	43	70	92
testWeibo606	0	241	461	579	670
testWeibo607	0	57	168	301	445
testWeibo608	0	109	189	275	339
testWeibo609	0	437	734	848	882
testWeibo610	0	24	38	67	123
testWeibo611	0	53	93	118	140
testWeibo612	0	120	218	260	280
testWeibo613	0	126	213	261	299
testWeibo614	0	27	40	45	46
testWeibo615	0	42	57	65	69
testWeibo616	0	53	84	102	117
testWeibo617	0	15	26	37	45
testWeibo618	0	58	145	204	238
testWeibo619	0	6	23	46	206
testWeibo620	0	76	121	152	185
testWeibo621	0	95	159	185	211
testWeibo622	0	138	215	270	296
testWeibo623	0	130	229	296	359
testWeibo624	0	16	23	37	43
testWeibo625	0	8	10	13	14
testWeibo626	0	34	53	69	81
testWeibo627	0	169	270	339	378
testWeibo628	0	15	24	36	46
testWeibo629	0	188	327	412	481
testWeibo630	0	51	99	136	172
testWeibo631	0	6	11	18	22
testWeibo632	0	26	56	104	128
testWeibo633	0	175	342	414	472
testWeibo634	0	0	2	6	8
testWeibo635	0	6	20	30	32
testWeibo636	0	142	255	365	438
testWeibo637	0	295	498	647	741
testWeibo638	0	100	108	130	164
testWeibo639	0	103	169	224	264
testWeibo640	0	109	168	205	239
testWeibo641	0	6	12	15	22
testWeibo642	0	39	78	102	144
testWeibo643	0	25	77	183	395
testWeibo644	0	181	355	455	504
testWeibo645	0	63	100	133	201
testWeibo646	0	55	85	114	144
testWeibo647	0	122	345	454	549
testWeibo648	0	4	4	8	14
testWeibo649	0	19	32	48	59
testWeibo650	0	48	75	91	98
testWeibo651	0	35	48	65	76
testWeibo652	0	248	437	530	579
testWeibo653	0	1	2	7	12
testWeibo654	0	17	33	52	67
testWeibo655	0	47	73	88	102
testWeibo656	0	120	249	337	381
testWeibo657	0	86	181	219	255
testWeibo658	0	7	13	17	22
testWeibo659	0	8	14	15	18
testWeibo660	0	19	32	39	48
testWeibo661	0	17	33	38	47
testWeibo662	0	7	18	31	39
testWeibo663	0	15	39	54	58
testWeibo664	0	7	12	15	15
testWeibo665	0	52	118	147	176
testWeibo666	0	39	60	70	79
testWeibo667	0	20	33	60	135
testWeibo668	0	100	235	354	382
testWeibo669	0	307	349	372	391
testWeibo670	0	7	16	16	17
testWeibo671	0	50	79	93	165
testWeibo672	0	15	21	28	33
testWeibo673	0	12	14	17	19
testWeibo674	0	36	62	82	104
testWeibo675	0	122	196	259	307
testWeibo676	0	51	113	158	219
testWeibo677	0	95	149	190	243
testWeibo678	0	52	95	111	135
testWeibo679	0	10	13	21	25
testWeibo680	0	34	93	156	203
testWeibo681	0	16	86	122	257
testWeibo682	0	8	19	27	31
testWeibo683	0	43	76	94	113
testWeibo684	0	5	25	44	54
testWeibo685	0	3	3	3	11
testWeibo686	0	85	166	219	311
testWeibo687	0	67	127	173	202
testWeibo688	0	151	260	350	462
testWeibo689	0	9	143	252	308
testWeibo690	0	240	396	491	574
testWeibo691	0	41	97	199	293
testWeibo692	0	61	157	235	293
testWeibo693	0	55	96	135	159
testWeibo694	0	171	353	468	568
testWeibo695	0	149	251	320	383
testWeibo696	0	117	346	452	535
testWeibo697	0	180	289	344	375
testWeibo698	0	68	115	161	199
testWeibo699	0	159	303	402	490
testWeibo700	0	22	58	70	89
testWeibo701	0	135	261	338	412
testWeibo702	0	0	0	0	50
testWeibo703	0	50	81	106	137
testWeibo704	0	50	76	103	115
testWeibo705	0	6	15	17	23
testWeibo706	0	3	3	5	6
testWeibo707	0	41	56	70	78
testWeibo708	0	19	37	53	145
testWeibo709	0	54	83	107	129
testWeibo710	0	104	176	222	245
testWeibo711	0	129	215	280	325
testWeibo712	0	1	5	7	7
testWeibo713	0	229	377	474	552
testWeibo714	0	53	95	186	301
testWeibo715	0	17	41	56	72
testWeibo716	0	76	143	179	215
testWeibo717	0	132	216	285	336
testWeibo718	0	58	142	219	288
testWeibo719	0	20	40	71	144
testWeibo720	0	60	172	225	265
testWeibo721	0	78	187	265	333
testWeibo722	0	9	13	17	19
testWeibo723	0	30	102	239	318
testWeibo724	0	6	14	18	25
testWeibo725	0	151	205	234	254
testWeibo726	0	108	146	159	166
testWeibo727	0	228	440	553	623
testWeibo728	0	80	139	173	203
testWeibo729	0	26	48	71	85
testWeibo730	0	13	20	23	27
testWeibo731	0	8	72	106	130
testWeibo732	0	125	284	386	463
testWeibo733	0	78	160	213	266
testWeibo734	0	31	43	50	58
testWeibo735	0	189	400	544	659
testWeibo736	0	3	7	9	11
testWeibo737	0	169	259	330	364
testWeibo738	0	19	37	47	53
testWeibo739	0	102	191	259	319
testWeibo740	0	99	172	230	282
testWeibo741	0	63	129	184	244
testWeibo742	0	239	366	444	514
testWeibo743	0	229	333	406	462
testWeibo744	0	30	115	189	262
testWeibo745	0	32	46	56	64
testWeibo746	0	39	84	100	110
testWeibo747	0	49	70	78	89
testWeibo748	0	13	21	28	37
testWeibo749	0	2	3	4	6
testWeibo750	0	50	84	115	133
testWeibo751	0	81	165	293	446
testWeibo752	0	44	65	84	92
testWeibo753	0	92	164	215	258
testWeibo754	0	10	29	41	59
testWeibo755	0	42	181	350	480
testWeibo756	0	22	27	27	27
testWeibo757	0	34	66	83	97
testWeibo758	0	95	145	194	230
testWeibo759	0	34	76	109	147
testWeibo760	0	12	15	17	18
testWeibo761	0	20	30	33	38
testWeibo762	0	18	26	36	41
testWeibo763	0	41	72	98	122
testWeibo764	0	13	34	46	54
testWeibo765	0	19	33	42	55
testWeibo766	0	4	11	38	180
testWeibo767	0	22	53	149	209
testWeibo768	0	30	66	85	100
testWeibo769	0	34	77	139	188
testWeibo770	0	176	302	377	445
testWeibo771	0	12	21	29	32
testWeibo772	0	5	10	19	24
testWeibo773	0	91	286	394	456
testWeibo774	0	63	286	355	397
testWeibo775	0	1	2	4	6
testWeibo776	0	57	95	122	141
testWeibo777	0	8	11	15	20
testWeibo778	0	0	0	0	8
testWeibo779	0	4	7	9	11
testWeibo780	0	78	274	409	466
testWeibo781	0	30	40	49	54
testWeibo782	0	2	5	8	8
testWeibo783	0	108	217	305	397
testWeibo784	0	23	59	77	95
testWeibo785	0	3	4	5	6
testWeibo786	0	13	31	46	52
testWeibo787	0	28	47	57	62
testWeibo788	0	165	248	305	340
testWeibo789	0	177	379	501	609
testWeibo790	0	21	155	269	341
testWeibo791	0	35	48	57	64
testWeibo792	0	10	17	31	39
testWeibo793	0	117	183	246	298
testWeibo794	0	9	13	15	16
testWeibo795	0	18	21	26	32
testWeibo796	0	10	18	48	69
testWeibo797	0	26	45	54	64
testWeibo798	0	11	25	29	51
testWeibo799	0	37	52	63	68
testWeibo800	0	8	27	45	49
testWeibo801	0	8	21	25	40
testWeibo802	0	20	39	43	56
testWeibo803	0	51	68	78	81
testWeibo804	0	44	64	104	109
testWeibo805	0	7	17	27	29
testWeibo806	0	7	17	20	22
testWeibo807	0	6	7	8	13
testWeibo808	0	13	17	23	29
testWeibo809	0	33	65	90	121
testWeibo810	0	5	7	10	11
testWeibo811	0	20	35	60	89
testWeibo812	0	22	40	52	56
testWeibo813	0	39	78	88	101
testWeibo814	0	29	46	52	57
testWeibo815	0	0	4	6	6
testWeibo816	0	31	41	51	75
testWeibo817	0	47	120	165	212
testWeibo818	0	11	19	22	25
testWeibo819	0	30	57	74	85
testWeibo820	0	29	58	72	82
testWeibo821	0	59	89	108	122
testWeibo822	0	56	139	185	223
testWeibo823	0	25	56	74	139
testWeibo824	0	104	187	287	387
testWeibo825	0	16	28	37	45
testWeibo826	0	148	235	274	309
testWeibo827	0	236	376	473	540
testWeibo828	0	32	50	63	84
testWeibo829	0	117	223	284	328
testWeibo830	0	29	43	56	66
testWeibo831	0	53	143	270	355
testWeibo832	0	69	283	441	537
testWeibo833	0	162	369	521	620
testWeibo834	0	124	352	533	632
testWeibo835	0	170	280	332	382
testWeibo836	0	18	42	60	75
testWeibo837	0	3	4	4	6
testWeibo838	0	125	212	267	307
testWeibo839	0	45	70	89	103
testWeibo840	0	209	321	377	432
testWeibo841	0	135	232	311	358
testWeibo842	0	85	181	237	278
testWeibo843	0	28	65	79	95
testWeibo844	0	680	720	741	758
testWeibo845	0	1	3	7	11
testWeibo846	0	40	58	72	81
testWeibo847	0	69	168	241	326
testWeibo848	0	17	25	30	37
testWeibo849	0	12	20	22	24
testWeibo850	0	30	58	89	137
testWeibo851	0	19	37	47	70
testWeibo852	0	210	338	408	472
testWeibo853	0	229	416	535	629
testWeibo854	0	0	0	0	9
testWeibo855	0	84	144	194	229
testWeibo856	0	58	102	133	155
testWeibo857	0	262	440	523	620
testWeibo858	0	250	564	690	795
testWeibo859	0	46	77	99	116
testWeibo860	0	113	113	113	113
testWeibo861	0	226	364	468	537
testWeibo862	0	152	245	323	360
testWeibo863	0	1	93	145	177
testWeibo864	0	36	57	74	83
testWeibo865	0	3	4	7	7
testWeibo866	0	122	216	284	331
testWeibo867	0	110	202	259	325
testWeibo868	0	81	185	258	317
testWeibo869	0	89	132	158	174
testWeibo870	0	190	308	394	456
testWeibo871	0	20	29	39	45
testWeibo872	0	15	27	33	43
testWeibo873	0	214	312	447	548
testWeibo874	0	21	45	50	57
testWeibo875	0	3	14	19	33
testWeibo876	0	20	38	55	62
testWeibo877	0	29	45	62	73
testWeibo878	0	18	37	49	56
testWeibo879	0	51	66	76	95
testWeibo880	0	20	48	67	83
testWeibo881	0	19	24	27	34
testWeibo882	0	42	121	242	360
testWeibo883	0	182	276	362	432
testWeibo884	0	149	229	285	311
testWeibo885	0	2	10	12	13
testWeibo886	0	236	332	412	464
testWeibo887	0	83	132	178	214
testWeibo888	0	21	54	73	103
testWeibo889	0	24	40	91	144
testWeibo890	0	6	6	6	6
testWeibo891	0	20	31	40	48
testWeibo892	0	32	59	82	99
testWeibo893	0	71	165	239	302
testWeibo894	0	23	32	90	147
testWeibo895	0	245	471	592	690
testWeibo896	0	42	73	98	121
testWeibo897	0	170	259	319	359
testWeibo898	0	151	249	320	369
testWeibo899	0	104	187	252	291
testWeibo900	0	36	41	51	61
testWeibo901	0	2	11	20	32
testWeibo902	0	11	19	26	35
testWeibo903	0	1	3	43	91
testWeibo904	0	20	40	62	86
testWeibo905	0	73	246	428	564
testWeibo906	0	352	635	749	810
testWeibo907	0	2	4	32	90
testWeibo908	0	4	9	14	17
testWeibo909	0	2	7	9	9
testWeibo910	0	114	185	239	281
testWeibo911	0	35	66	76	86
testWeibo912	0	14	40	50	60
testWeibo913	0	22	30	34	43
testWeibo914	0	1	9	15	18
testWeibo915	0	188	304	387	469
testWeibo916	0	5	20	38	77
testWeibo917	0	103	187	241	282
testWeibo918	0	12	25	38	45
testWeibo919	0	6	18	22	23
testWeibo920	0	1	3	9	9
testWeibo921	0	73	157	282	365
testWeibo922	0	10	20	28	35
testWeibo923	0	26	45	67	84
testWeibo924	0	85	211	293	348
testWeibo925	0	6	18	26	44
testWeibo926	0	55	108	150	188
testWeibo927	0	122	228	302	369
testWeibo928	0	10	12	15	19
testWeibo929	0	4	18	41	89
testWeibo930	0	3	8	10	16
testWeibo931	0	52	104	138	166
testWeibo932	0	37	78	112	137
testWeibo933	0	142	327	433	535
testWeibo934	0	4	11	16	21
testWeibo935	0	65	206	327	462
testWeibo936	0	18	28	34	35
testWeibo937	0	8	8	10	16
testWeibo938	0	15	26	33	39
testWeibo939	0	107	183	239	275
testWeibo940	0	152	238	307	347
testWeibo941	0	67	225	439	614
testWeibo942	0	4	9	10	10
testWeibo943	0	199	284	369	433
testWeibo944	0	1	3	4	8
testWeibo945	0	58	76	81	84
testWeibo946	0	122	205	302	364
testWeibo947	0	128	221	300	362
testWeibo948	0	44	66	78	91
testWeibo949	0	117	205	274	335
testWeibo950	0	32	49	53	55
testWeibo951	0	59	108	136	162
testWeibo952	0	63	116	176	211
testWeibo953	0	97	207	282	345
testWeibo954	0	57	164	251	308
testWeibo955	0	67	156	244	295
testWeibo956	0	6	11	15	17
testWeibo957	0	186	272	317	363
testWeibo958	0	45	127	192	253
testWeibo959	0	125	342	506	576
testWeibo960	0	280	489	538	639
testWeibo961	0	234	341	449	538
testWeibo962	0	70	132	183	216
testWeibo963	0	17	32	42	54
testWeibo964	0	2	2	4	12
testWeibo965	0	113	200	268	328
testWeibo966	0	52	84	108	126
testWeibo967	0	11	22	33	39
testWeibo968	0	20	29	71	145
testWeibo969	0	159	202	243	293
testWeibo970	0	301	508	644	748
testWeibo971	0	289	529	686	806
testWeibo972	0	151	260	319	355
testWeibo973	0	89	257	404	506
testWeibo974	0	133	337	463	530
testWeibo975	0	10	47	152	255
testWeibo976	0	38	72	219	513
testWeibo977	0	3	7	11	11
testWeibo978	0	206	325	424	497
testWeibo979	0	100	191	250	305
testWeibo980	0	121	179	226	264
testWeibo981	0	48	175	269	324
testWeibo982	0	268	417	500	573
testWeibo983	0	91	140	197	248
testWeibo984	0	51	167	390	569
testWeibo985	0	12	23	30	41
testWeibo986	0	40	79	106	203
testWeibo987	0	4	105	212	247
testWeibo988	0	296	574	851	1047
testWeibo989	0	9	10	11	11
testWeibo990	0	26	85	142	182
testWeibo991	0	68	122	214	249
testWeibo992	0	136	214	276	318
testWeibo993	0	48	109	229	389
testWeibo994	0	136	218	280	341
testWeibo995	0	82	141	186	224
testWeibo996	0	37	53	66	77
testWeibo997	0	0	6	8	10
testWeibo998	0	43	75	89	110
testWeibo999	0	220	329	380	428
testWeibo1000	0	10	15	20	21
testWeibo1001	0	205	309	399	459
testWeibo1002	0	26	52	63	86
testWeibo1003	0	76	202	306	376
testWeibo1004	0	6	7	9	9
testWeibo1005	0	29	60	78	93
testWeibo1006	0	27	43	52	58
testWeibo1007	0	33	59	72	81
testWeibo1008	0	8	13	24	33
testWeibo1009	0	103	238	434	605
testWeibo1010	0	9	16	18	25
testWeibo1011	0	42	67	84	103
testWeibo1012	0	248	414	526	582
testWeibo1013	0	24	229	382	490
testWeibo1014	0	38	58	65	73
testWeibo1015	0	11	26	35	44
testWeibo1016	0	15	36	49	66
testWeibo1017	0	9	19	27	47
testWeibo1018	0	193	348	468	566
testWeibo1019	0	40	84	115	130
testWeibo1020	0	55	157	204	249
testWeibo1021	0	62	117	252	374
testWeibo1022	0	28	41	81	122
testWeibo1023	0	155	267	364	427
testWeibo1024	0	81	158	206	233
testWeibo1025	0	70	123	183	301
testWeibo1026	0	89	207	306	398
testWeibo1027	0	38	83	118	154
testWeibo1028	0	101	168	208	258
testWeibo1029	0	32	46	63	78
testWeibo1030	0	12	21	26	32
testWeibo1031	0	2	7	10	13
testWeibo1032	0	9	24	76	130
testWeibo1033	0	6	11	14	26
testWeibo1034	0	217	333	420	464
testWeibo1035	0	14	43	62	96
testWeibo1036	0	166	296	376	443
testWeibo1037	0	39	97	168	222
testWeibo1038	0	30	50	67	83
testWeibo1039	0	38	163	285	365
testWeibo1040	0	22	31	40	45
testWeibo1041	0	29	50	56	68
testWeibo1042	0	33	91	132	154
testWeibo1043	0	138	262	336	378
testWeibo1044	0	49	162	353	539
testWeibo1045	0	30	51	59	63
testWeibo1046	0	65	103	131	164
testWeibo1047	0	73	140	227	359
testWeibo1048	0	7	21	26	29
testWeibo1049	0	33	49	68	75
testWeibo1050	0	198	398	540	641
testWeibo1051	0	5	11	12	12
testWeibo1052	0	67	167	263	447
testWeibo1053	0	131	249	323	383
testWeibo1054	0	87	219	298	359
testWeibo1055	0	230	411	543	642
testWeibo1056	0	102	156	213	289
testWeibo1057	0	67	118	200	273
testWeibo1058	0	59	83	117	153
testWeibo1059	0	1	118	119	120
testWeibo1060	0	245	409	543	686
testWeibo1061	0	17	79	162	335
testWeibo1062	0	13	22	28	32
testWeibo1063	0	10	17	26	30
testWeibo1064	0	14	28	41	48
testWeibo1065	0	134	229	290	344
testWeibo1066	0	5	10	13	13
testWeibo1067	0	18	54	100	145
testWeibo1068	0	66	98	131	186
testWeibo1069	0	127	185	242	294
testWeibo1070	0	86	132	173	200
testWeibo1071	0	8	14	19	25
testWeibo1072	0	69	140	194	241
testWeibo1073	0	112	180	233	271
testWeibo1074	0	138	381	541	664
testWeibo1075	0	29	63	110	141
testWeibo1076	0	44	85	107	136
testWeibo1077	0	17	24	36	50
testWeibo1078	0	13	14	16	23
testWeibo1079	0	70	99	123	147
testWeibo1080	0	0	6	39	60
testWeibo1081	0	2	4	6	24
testWeibo1082	0	4	8	11	14
testWeibo1083	0	73	109	126	141
testWeibo1084	0	33	79	147	195
testWeibo1085	0	115	357	541	722
testWeibo1086	0	42	120	200	259
testWeibo1087	0	18	25	33	34
testWeibo1088	0	70	132	174	207
testWeibo1089	0	90	134	180	266
testWeibo1090	0	103	214	284	341
testWeibo1091	0	30	41	49	55
testWeibo1092	0	14	31	48	65
testWeibo1093	0	84	156	208	251
testWeibo1094	0	54	89	107	121
testWeibo1095	0	21	33	54	65
testWeibo1096	0	54	76	90	96
testWeibo1097	0	47	92	124	151
testWeibo1098	0	21	44	53	55
testWeibo1099	0	1	3	7	32
testWeibo1100	0	5	8	11	14
testWeibo1101	0	30	60	87	105
testWeibo1102	0	13	19	29	45
testWeibo1103	0	72	107	164	291
testWeibo1104	0	24	44	53	62
testWeibo1105	0	19	32	68	91
testWeibo1106	0	37	51	65	75
testWeibo1107	0	65	86	109	114
testWeibo1108	0	34	51	69	86
testWeibo1109	0	97	177	219	361
testWeibo1110	0	107	220	278	305
testWeibo1111	0	52	99	153	223
testWeibo1112	0	18	34	37	40
testWeibo1113	0	218	318	450	487
testWeibo1114	0	33	47	58	67
testWeibo1115	0	3	53	99	129
testWeibo1116	0	39	53	124	210
testWeibo1117	0	92	249	341	406
testWeibo1118	0	42	63	77	83
testWeibo1119	0	173	425	566	661
testWeibo1120	0	128	195	226	253
testWeibo1121	0	219	339	451	547
testWeibo1122	0	62	94	116	134
testWeibo1123	0	96	162	206	240
testWeibo1124	0	203	390	491	580
testWeibo1125	0	17	25	35	43
testWeibo1126	0	1	35	56	80
testWeibo1127	0	43	89	124	155
testWeibo1128	0	121	216	300	383
testWeibo1129	0	242	453	588	688
testWeibo1130	0	208	364	447	506
testWeibo1131	0	62	181	262	331
testWeibo1132	0	20	31	42	58
testWeibo1133	0	173	253	306	358
testWeibo1134	0	0	0	2	21
testWeibo1135	0	5	12	14	18
testWeibo1136	0	31	56	80	94
testWeibo1137	0	12	25	34	48
testWeibo1138	0	3	3	3	9
testWeibo1139	0	42	69	79	94
testWeibo1140	0	5	13	21	35
testWeibo1141	0	6	9	23	58
testWeibo1142	0	5	10	23	32
testWeibo1143	0	95	140	172	197
testWeibo1144	0	15	18	20	28
testWeibo1145	0	12	26	39	50
testWeibo1146	0	23	41	57	70
testWeibo1147	0	13	46	82	105
testWeibo1148	0	8	12	19	24
testWeibo1149	0	2	6	6	6
testWeibo1150	0	110	182	228	275
testWeibo1151	0	70	127	179	218
testWeibo1152	0	62	108	134	157
testWeibo1153	0	183	308	388	458
testWeibo1154	0	245	598	985	1052
testWeibo1155	0	98	164	205	244
testWeibo1156	0	95	230	323	392
testWeibo1157	0	9	27	49	87
testWeibo1158	0	140	243	359	432
testWeibo1159	0	82	138	175	200
testWeibo1160	0	104	202	310	394
testWeibo1161	0	130	196	240	281
testWeibo1162	0	75	121	158	246
testWeibo1163	0	18	35	46	56
testWeibo1164	0	458	569	583	598
testWeibo1165	0	45	63	81	93
testWeibo1166	0	141	230	291	347
testWeibo1167	0	7	12	17	29
testWeibo1168	0	105	175	230	277
testWeibo1169	0	1	254	322	351
testWeibo1170	0	51	86	126	159
testWeibo1171	0	30	50	64	70
testWeibo1172	0	15	27	46	55
testWeibo1173	0	20	29	36	44
testWeibo1174	0	106	159	204	241
testWeibo1175	0	49	75	92	99
testWeibo1176	0	0	0	10	23
testWeibo1177	0	57	94	120	138
testWeibo1178	0	17	25	34	46
testWeibo1179	0	66	109	133	152
testWeibo1180	0	20	29	34	45
testWeibo1181	0	252	426	562	654
testWeibo1182	0	38	71	88	106
testWeibo1183	0	25	71	133	201
testWeibo1184	0	68	112	173	265
testWeibo1185	0	102	191	253	303
testWeibo1186	0	12	18	27	36
testWeibo1187	0	27	48	78	91
testWeibo1188	0	71	119	166	204
testWeibo1189	0	184	368	512	592
testWeibo1190	0	15	32	50	65
testWeibo1191	0	9	14	21	24
testWeibo1192	0	154	244	351	412
testWeibo1193	0	15	51	110	181
testWeibo1194	0	105	193	271	337
testWeibo1195	0	5	35	47	55
testWeibo1196	0	4	9	18	22
testWeibo1197	0	30	56	68	77
testWeibo1198	0	31	60	94	124
testWeibo1199	0	29	39	50	56
testWeibo1200	0	7	15	33	47
testWeibo1201	0	183	351	463	539
testWeibo1202	0	41	65	77	88
testWeibo1203	0	20	39	57	72
testWeibo1204	0	125	193	267	324
testWeibo1205	0	36	61	75	83
testWeibo1206	0	1	180	257	305
testWeibo1207	0	108	213	291	342
testWeibo1208	0	25	34	37	42
testWeibo1209	0	9	9	11	19
testWeibo1210	0	92	150	201	246
testWeibo1211	0	19	39	53	63
testWeibo1212	0	9	31	42	56
testWeibo1213	0	49	66	80	95
testWeibo1214	0	14	20	22	25
testWeibo1215	0	133	209	286	322
testWeibo1216	0	1	7	10	12
testWeibo1217	0	180	281	364	434
testWeibo1218	0	10	36	67	113
testWeibo1219	0	31	50	63	71
testWeibo1220	0	29	60	78	97
testWeibo1221	0	41	56	71	84
testWeibo1222	0	39	64	90	108
testWeibo1223	0	87	190	274	334
testWeibo1224	0	62	103	127	163
testWeibo1225	0	3	8	8	8
testWeibo1226	0	127	203	254	296
testWeibo1227	0	86	153	204	246
testWeibo1228	0	32	43	53	59
testWeibo1229	0	52	103	132	151
testWeibo1230	0	23	32	39	48
testWeibo1231	0	46	69	93	113
testWeibo1232	0	95	142	164	182
testWeibo1233	0	12	15	20	25
testWeibo1234	0	142	228	290	348
testWeibo1235	0	0	14	23	31
testWeibo1236	0	1	3	14	24
testWeibo1237	0	11	22	48	74
testWeibo1238	0	0	2	6	8
testWeibo1239	0	27	122	225	306
testWeibo1240	0	148	240	299	343
testWeibo1241	0	56	120	158	181
testWeibo1242	0	41	156	272	385
testWeibo1243	0	37	62	86	99
testWeibo1244	0	44	105	163	225
testWeibo1245	0	265	442	579	685
testWeibo1246	0	80	114	160	188
testWeibo1247	0	29	38	58	74
testWeibo1248	0	5	13	19	33
testWeibo1249	0	55	88	107	116
testWeibo1250	0	90	234	343	445
testWeibo1251	0	234	415	544	638
testWeibo1252	0	143	293	388	458
testWeibo1253	0	23	31	36	45
testWeibo1254	0	56	144	179	206
testWeibo1255	0	100	196	350	438
testWeibo1256	0	139	267	329	329
testWeibo1257	0	46	114	209	381
testWeibo1258	0	33	55	72	81
testWeibo1259	0	14	56	82	101
testWeibo1260	0	37	66	80	92
testWeibo1261	0	31	45	56	67
testWeibo1262	0	0	1	4	22
testWeibo1263	0	10	13	16	19
testWeibo1264	0	116	174	213	248
testWeibo1265	0	92	179	241	296
testWeibo1266	0	5	8	8	8
testWeibo1267	0	22	43	64	77
testWeibo1268	0	17	25	32	39
testWeibo1269	0	16	40	64	83
testWeibo1270	0	22	33	41	48
testWeibo1271	0	1	8	19	24
testWeibo1272	0	62	111	135	151
testWeibo1273	0	24	37	47	53
testWeibo1274	0	12	31	37	41
testWeibo1275	0	47	256	548	690
testWeibo1276	0	37	72	97	120
testWeibo1277	0	9	27	50	67
testWeibo1278	0	20	31	40	42
testWeibo1279	0	4	13	23	30
testWeibo1280	0	16	28	59	81
testWeibo1281	0	19	49	109	169
testWeibo1282	0	38	76	101	136
testWeibo1283	0	54	73	97	116
testWeibo1284	0	677	797	822	837
testWeibo1285	0	99	272	402	491
testWeibo1286	0	48	75	87	99
testWeibo1287	0	18	58	125	189
testWeibo1288	0	46	59	72	79
testWeibo1289	0	69	69	69	69
testWeibo1290	0	0	2	3	10
testWeibo1291	0	131	316	447	513
testWeibo1292	0	10	209	334	458
testWeibo1293	0	93	388	508	597
testWeibo1294	0	57	199	299	348
testWeibo1295	0	120	196	272	328
testWeibo1296	0	363	496	563	606
testWeibo1297	0	51	128	178	220
testWeibo1298	0	293	472	531	571
testWeibo1299	0	33	50	72	88
testWeibo1300	0	93	159	208	247
testWeibo1301	0	8	11	18	27
testWeibo1302	0	6	7	9	10
testWeibo1303	0	10	21	31	39
testWeibo1304	0	19	25	29	32
testWeibo1305	0	233	292	314	322
testWeibo1306	0	41	93	146	201
testWeibo1307	0	267	558	661	719
testWeibo1308	0	4	33	145	244
testWeibo1309	0	128	223	288	337
testWeibo1310	0	90	155	189	215
testWeibo1311	0	14	14	14	14
testWeibo1312	0	27	87	133	180
testWeibo1313	0	159	257	308	361
testWeibo1314	0	30	54	67	79
testWeibo1315	0	20	32	41	51
testWeibo1316	0	19	26	34	57
testWeibo1317	0	44	87	103	125
testWeibo1318	0	77	134	178	218
testWeibo1319	0	62	95	119	151
testWeibo1320	0	3	9	31	42
testWeibo1321	0	82	137	279	414
testWeibo1322	0	0	5	34	127
testWeibo1323	0	2	3	3	6
testWeibo1324	0	168	247	313	359
testWeibo1325	0	21	37	43	54
testWeibo1326	0	11	44	107	165
testWeibo1327	0	37	42	43	55
testWeibo1328	0	183	183	186	230
testWeibo1329	0	58	125	160	196
testWeibo1330	0	101	226	327	485
testWeibo1331	0	51	89	132	167
testWeibo1332	0	43	81	119	169
testWeibo1333	0	16	41	51	63
testWeibo1334	0	2	13	15	16
testWeibo1335	0	173	330	418	490
testWeibo1336	0	15	30	45	64
testWeibo1337	0	152	181	273	358
testWeibo1338	0	36	149	283	420
testWeibo1339	0	31	50	82	109
testWeibo1340	0	32	56	68	88
testWeibo1341	0	40	63	74	84
testWeibo1342	0	37	41	47	55
testWeibo1343	0	22	28	47	57
testWeibo1344	0	71	115	150	170
testWeibo1345	0	13	42	64	75
testWeibo1346	0	2	4	11	24
testWeibo1347	0	2	5	7	10
testWeibo1348	0	3	5	8	11
testWeibo1349	0	83	188	286	341
testWeibo1350	0	33	53	69	74
testWeibo1351	0	232	397	461	523
testWeibo1352	0	149	335	445	516
testWeibo1353	0	26	39	45	54
testWeibo1354	0	152	353	494	594
testWeibo1355	0	3	29	67	87
testWeibo1356	0	270	454	612	728
testWeibo1357	0	2	15	30	39
testWeibo1358	0	2	9	15	16
testWeibo1359	0	21	51	78	156
testWeibo1360	0	67	107	138	156
testWeibo1361	0	65	88	108	126
testWeibo1362	0	13	27	34	47
testWeibo1363	0	37	61	79	106
testWeibo1364	0	43	165	324	420
testWeibo1365	0	35	55	64	70
testWeibo1366	0	61	96	117	145
testWeibo1367	0	33	53	71	90
testWeibo1368	0	24	36	53	63
testWeibo1369	0	30	100	123	148
testWeibo1370	0	245	394	528	630
testWeibo1371	0	5	11	22	24
testWeibo1372	0	26	47	62	68
testWeibo1373	0	25	80	120	152
testWeibo1374	0	138	340	458	565
testWeibo1375	0	82	128	165	186
testWeibo1376	0	180	418	598	718
testWeibo1377	0	71	120	162	180
testWeibo1378	0	14	22	29	37
testWeibo1379	0	127	245	320	388
testWeibo1380	0	51	98	139	158
testWeibo1381	0	32	79	112	144
testWeibo1382	0	165	296	388	438
testWeibo1383	0	15	22	29	33
testWeibo1384	0	137	230	302	364
testWeibo1385	0	2	8	12	15
testWeibo1386	0	36	49	59	61
testWeibo1387	0	23	38	48	64
testWeibo1388	0	7	14	22	28
testWeibo1389	0	255	609	743	769
testWeibo1390	0	9	24	32	40
testWeibo1391	0	205	321	390	452
testWeibo1392	0	11	19	38	55
testWeibo1393	0	48	67	78	85
testWeibo1394	0	14	58	91	105
testWeibo1395	0	84	253	390	516
testWeibo1396	0	120	278	421	523
testWeibo1397	0	97	223	350	424
testWeibo1398	0	1	1	7	11
testWeibo1399	0	198	303	359	423
testWeibo1400	0	8	14	20	25
testWeibo1401	0	70	130	160	195
testWeibo1402	0	3	7	8	26
testWeibo1403	0	468	593	655	678
testWeibo1404	0	16	22	26	30
testWeibo1405	0	19	29	38	46
testWeibo1406	0	7	14	19	26
testWeibo1407	0	14	21	26	34
testWeibo1408	0	3	5	5	6
testWeibo1409	0	189	364	460	513
testWeibo1410	0	9	14	16	18
testWeibo1411	0	96	172	254	302
testWeibo1412	0	8	14	20	24
testWeibo1413	0	166	313	388	444
testWeibo1414	0	17	33	66	81
testWeibo1415	0	0	0	0	16
testWeibo1416	0	6	10	11	13
testWeibo1417	0	27	60	76	82
testWeibo1418	0	9	39	64	94
testWeibo1419	0	45	84	102	114
testWeibo1420	0	125	212	279	324
testWeibo1421	0	71	163	203	252
testWeibo1422	0	17	32	40	53
testWeibo1423	0	0	1	3	15
testWeibo1424	0	8	9	10	10
testWeibo1425	0	6	9	10	14
testWeibo1426	0	51	86	126	145
testWeibo1427	0	32	154	244	305
testWeibo1428	0	23	47	77	99
testWeibo1429	0	1	5	11	11
testWeibo1430	0	5	56	111	158
testWeibo1431	0	2	4	8	10
testWeibo1432	0	10	30	54	68
testWeibo1433	0	20	45	72	87
testWeibo1434	0	192	329	417	473
testWeibo1435	0	9	11	13	13
testWeibo1436	0	13	22	33	42
testWeibo1437	0	59	99	141	179
testWeibo1438	0	17	28	37	44
testWeibo1439	0	15	22	23	30
testWeibo1440	0	16	24	35	47
testWeibo1441	0	7	11	14	19
testWeibo1442	0	22	39	43	50
testWeibo1443	0	38	48	88	104
testWeibo1444	0	5	7	8	43
testWeibo1445	0	19	40	62	79
testWeibo1446	0	21	54	82	116
testWeibo1447	0	64	114	138	166
testWeibo1448	0	11	25	32	38
testWeibo1449	0	91	159	219	255
testWeibo1450	0	28	43	51	53
testWeibo1451	0	105	151	177	213
testWeibo1452	0	45	80	95	110
testWeibo1453	0	48	74	94	104
testWeibo1454	0	11	26	33	38
testWeibo1455	0	24	34	37	42
testWeibo1456	0	13	25	27	35
testWeibo1457	0	135	258	341	379
testWeibo1458	0	253	380	452	520
testWeibo1459	0	14	21	24	29
testWeibo1460	0	10	12	13	18
testWeibo1461	0	265	399	455	487
testWeibo1462	0	17	31	36	37
testWeibo1463	0	8	12	65	90
testWeibo1464	0	7	8	11	13
testWeibo1465	0	22	36	49	56
testWeibo1466	0	1	4	71	84
testWeibo1467	0	31	54	69	78
testWeibo1468	0	92	126	153	176
testWeibo1469	0	69	119	156	185
testWeibo1470	0	138	320	435	508
testWeibo1471	0	24	41	51	57
testWeibo1472	0	47	182	286	390
testWeibo1473	0	108	186	303	451
testWeibo1474	0	10	17	25	33
testWeibo1475	0	5	12	13	24
testWeibo1476	0	50	68	75	82
testWeibo1477	0	91	154	213	259
testWeibo1478	0	45	72	92	104
testWeibo1479	0	71	131	160	179
testWeibo1480	0	12	22	30	37
testWeibo1481	0	121	262	351	416
testWeibo1482	0	29	65	111	154
testWeibo1483	0	11	27	39	57
testWeibo1484	0	40	63	73	100
testWeibo1485	0	48	78	105	127
testWeibo1486	0	182	283	354	409
testWeibo1487	0	56	114	165	185
testWeibo1488	0	79	165	242	354
testWeibo1489	0	19	39	52	59
testWeibo1490	0	10	19	25	38
testWeibo1491	0	8	12	18	29
testWeibo1492	0	9	24	26	30
testWeibo1493	0	47	101	144	184
testWeibo1494	0	89	136	267	321
testWeibo1495	0	4	13	23	37
testWeibo1496	0	4	5	7	12
testWeibo1497	0	4	4	7	9
testWeibo1498	0	19	41	53	63
testWeibo1499	0	40	193	393	484
testWeibo1500	0	12	22	27	33
testWeibo1501	0	89	218	302	360
testWeibo1502	0	14	30	39	50
testWeibo1503	0	0	7	11	17
testWeibo1504	0	123	285	385	450
testWeibo1505	0	82	153	206	242
testWeibo1506	0	16	31	74	95
testWeibo1507	0	43	71	92	106
testWeibo1508	0	66	96	106	115
testWeibo1509	0	5	9	16	23
testWeibo1510	0	5	5	6	7
testWeibo1511	0	26	56	68	83
testWeibo1512	0	183	307	366	445
testWeibo1513	0	39	89	164	259
testWeibo1514	0	116	238	328	382
testWeibo1515	0	4	12	14	17
testWeibo1516	0	6	10	12	17
testWeibo1517	0	4	15	21	28
testWeibo1518	0	233	366	470	536
testWeibo1519	0	46	51	56	60
testWeibo1520	0	143	257	337	401
testWeibo1521	0	5	9	12	14
testWeibo1522	0	100	233	462	597
testWeibo1523	0	56	90	122	143
testWeibo1524	0	36	49	63	74
testWeibo1525	0	52	153	255	324
testWeibo1526	0	4	5	10	13
testWeibo1527	0	8	44	82	94
testWeibo1528	0	7	10	13	15
testWeibo1529	0	1	5	6	8
testWeibo1530	0	24	49	109	148
testWeibo1531	0	19	31	39	42
testWeibo1532	0	4	6	6	7
testWeibo1533	0	214	348	425	477
testWeibo1534	0	16	21	25	29
testWeibo1535	0	30	44	55	69
testWeibo1536	0	18	26	52	152
testWeibo1537	0	19	31	37	38
testWeibo1538	0	43	82	114	145
testWeibo1539	0	53	117	140	158
testWeibo1540	0	13	22	30	35
testWeibo1541	0	15	30	33	35
testWeibo1542	0	44	94	124	153
testWeibo1543	0	46	70	88	104
testWeibo1544	0	93	153	195	224
testWeibo1545	0	296	366	422	457
testWeibo1546	0	21	34	39	55
testWeibo1547	0	289	375	505	586
testWeibo1548	0	173	258	335	400
testWeibo1549	0	0	68	120	151
testWeibo1550	0	4	10	24	37
testWeibo1551	0	17	32	41	49
testWeibo1552	0	107	230	329	407
testWeibo1553	0	9	123	192	243
testWeibo1554	0	28	57	77	88
testWeibo1555	0	89	127	136	145
testWeibo1556	0	20	34	45	47
testWeibo1557	0	19	43	60	138
testWeibo1558	0	154	222	278	322
testWeibo1559	0	139	241	306	378
testWeibo1560	0	6	7	8	8
testWeibo1561	0	86	199	274	342
testWeibo1562	0	20	35	41	49
testWeibo1563	0	2	52	95	129
testWeibo1564	0	12	24	31	34
testWeibo1565	0	9	17	17	18
testWeibo1566	0	44	55	70	77
testWeibo1567	0	17	41	58	71
testWeibo1568	0	35	65	86	104
testWeibo1569	0	41	62	73	92
testWeibo1570	0	0	4	11	12
testWeibo1571	0	45	56	74	88
testWeibo1572	0	44	178	354	477
testWeibo1573	0	4	11	13	15
testWeibo1574	0	248	461	580	647
testWeibo1575	0	9	20	41	67
testWeibo1576	0	124	235	320	374
testWeibo1577	0	4	6	8	8
testWeibo1578	0	28	50	68	82
testWeibo1579	0	24	38	46	55
testWeibo1580	0	24	43	49	56
testWeibo1581	0	41	68	84	93
testWeibo1582	0	36	63	80	94
testWeibo1583	0	47	61	70	79
testWeibo1584	0	30	42	53	69
testWeibo1585	0	24	35	37	39
testWeibo1586	0	26	45	56	68
testWeibo1587	0	66	88	104	116
testWeibo1588	0	59	134	187	223
testWeibo1589	0	174	284	365	422
testWeibo1590	0	14	48	59	60
testWeibo1591	0	2	12	34	62
testWeibo1592	0	46	62	72	84
testWeibo1593	0	35	68	92	105
testWeibo1594	0	2	3	4	6
testWeibo1595	0	104	177	222	265
testWeibo1596	0	64	77	88	97
testWeibo1597	0	113	232	340	425
testWeibo1598	0	9	81	126	161
testWeibo1599	0	19	29	42	49
testWeibo1600	0	11	24	146	250
testWeibo1601	0	41	111	192	250
testWeibo1602	0	24	42	51	60
testWeibo1603	0	43	61	66	70
testWeibo1604	0	55	102	129	144
testWeibo1605	0	17	91	139	177
testWeibo1606	0	73	126	169	197
testWeibo1607	0	25	57	90	121
testWeibo1608	0	45	104	138	154
testWeibo1609	0	31	42	53	57
testWeibo1610	0	9	19	25	31
testWeibo1611	0	3	16	31	42
testWeibo1612	0	24	115	215	272
testWeibo1613	0	16	27	38	48
testWeibo1614	0	47	58	65	74
testWeibo1615	0	101	315	468	560
testWeibo1616	0	11	37	67	90
testWeibo1617	0	1	23	47	73
testWeibo1618	0	114	179	221	259
testWeibo1619	0	14	19	23	26
testWeibo1620	0	5	7	7	11
testWeibo1621	0	3	5	6	8
testWeibo1622	0	22	111	144	188
testWeibo1623	0	70	132	162	204
testWeibo1624	0	42	65	82	97
testWeibo1625	0	29	48	63	69
testWeibo1626	0	15	22	28	33
testWeibo1627	0	58	94	164	351
testWeibo1628	0	106	160	202	239
testWeibo1629	0	37	56	69	79
testWeibo1630	0	45	68	86	100
testWeibo1631	0	25	41	52	59
testWeibo1632	0	19	23	29	35
testWeibo1633	0	23	41	52	55
testWeibo1634	0	25	46	59	73
testWeibo1635	0	36	72	88	104
testWeibo1636	0	91	321	392	442
testWeibo1637	0	44	116	255	357
testWeibo1638	0	9	15	40	113
testWeibo1639	0	15	34	40	48
testWeibo1640	0	0	4	6	6
testWeibo1641	0	26	44	71	92
testWeibo1642	0	23	40	47	56
testWeibo1643	0	67	191	268	322
testWeibo1644	0	37	65	106	130
testWeibo1645	0	16	23	26	31
testWeibo1646	0	56	67	83	101
testWeibo1647	0	20	27	31	82
testWeibo1648	0	0	2	8	10
testWeibo1649	0	13	24	30	34
testWeibo1650	0	11	33	47	88
testWeibo1651	0	34	66	104	131
testWeibo1652	0	21	36	45	56
testWeibo1653	0	75	109	128	145
testWeibo1654	0	24	34	41	45
testWeibo1655	0	57	128	213	290
testWeibo1656	0	6	11	17	25
testWeibo1657	0	22	30	33	35
testWeibo1658	0	18	26	30	33
testWeibo1659	0	32	75	120	145
testWeibo1660	0	20	40	54	65
testWeibo1661	0	17	30	39	44
testWeibo1662	0	6	32	50	92
testWeibo1663	0	122	273	443	562
testWeibo1664	0	1	5	5	12
testWeibo1665	0	118	190	227	273
testWeibo1666	0	101	171	230	269
testWeibo1667	0	47	74	89	111
testWeibo1668	0	237	341	378	407
testWeibo1669	0	7	10	13	15
testWeibo1670	0	21	32	47	55
testWeibo1671	0	44	110	170	194
testWeibo1672	0	20	28	38	42
testWeibo1673	0	125	199	245	273
testWeibo1674	0	434	543	583	625
testWeibo1675	0	18	35	43	54
testWeibo1676	0	42	56	69	87
testWeibo1677	0	22	36	48	58
testWeibo1678	0	1	1	3	10
testWeibo1679	0	23	37	44	53
testWeibo1680	0	11	20	32	44
testWeibo1681	0	15	19	21	22
testWeibo1682	0	23	37	49	54
testWeibo1683	0	1	1	7	27
testWeibo1684	0	7	15	18	26
testWeibo1685	0	18	71	113	144
testWeibo1686	0	17	63	91	115
testWeibo1687	0	22	107	177	245
testWeibo1688	0	12	22	36	48
testWeibo1689	0	33	47	53	56
testWeibo1690	0	99	177	222	244
testWeibo1691	0	65	89	102	119
testWeibo1692	0	233	276	276	276
testWeibo1693	0	31	50	59	64
testWeibo1694	0	14	31	42	49
testWeibo1695	0	71	110	123	137
testWeibo1696	0	8	13	28	43
testWeibo1697	0	41	56	74	92
testWeibo1698	0	78	116	138	154
testWeibo1699	0	34	52	65	78
testWeibo1700	0	19	36	47	55
testWeibo1701	0	34	56	66	82
testWeibo1702	0	30	72	91	122
testWeibo1703	0	1	1	1	19
testWeibo1704	0	4	5	5	7
testWeibo1705	0	8	13	15	60
testWeibo1706	0	126	264	359	426
testWeibo1707	0	26	43	56	66
testWeibo1708	0	14	26	33	81
testWeibo1709	0	60	181	320	452
testWeibo1710	0	38	123	181	200
testWeibo1711	0	5	12	15	20
testWeibo1712	0	115	142	148	155
testWeibo1713	0	66	243	401	524
testWeibo1714	0	29	47	73	94
testWeibo1715	0	40	60	70	81
testWeibo1716	0	9	29	48	69
testWeibo1717	0	95	124	155	183
testWeibo1718	0	1	2	9	24
testWeibo1719	0	3	12	17	23
testWeibo1720	0	22	31	37	42
testWeibo1721	0	14	24	32	39
testWeibo1722	0	35	54	72	91
testWeibo1723	0	38	57	68	79
testWeibo1724	0	3	11	15	18
testWeibo1725	0	15	24	29	32
testWeibo1726	0	132	230	307	393
testWeibo1727	0	97	191	241	301
testWeibo1728	0	201	271	336	435
testWeibo1729	0	101	172	236	310
testWeibo1730	0	218	344	433	502
testWeibo1731	0	23	79	139	196
testWeibo1732	0	54	86	100	114
testWeibo1733	0	432	555	612	656
testWeibo1734	0	14	23	27	34
testWeibo1735	0	35	47	56	64
testWeibo1736	0	23	37	42	50
testWeibo1737	0	24	45	48	57
testWeibo1738	0	49	98	155	218
testWeibo1739	0	33	58	83	98
testWeibo1740	0	80	145	188	221
testWeibo1741	0	80	124	162	198
testWeibo1742	0	15	24	28	35
testWeibo1743	0	8	18	58	84
testWeibo1744	0	5	7	10	12
testWeibo1745	0	77	120	154	178
testWeibo1746	0	157	270	302	318
testWeibo1747	0	8	31	47	67
testWeibo1748	0	222	371	412	444
testWeibo1749	0	4	8	10	11
testWeibo1750	0	16	35	41	45
testWeibo1751	0	15	32	61	82
testWeibo1752	0	1	19	45	64
testWeibo1753	0	21	31	48	59
testWeibo1754	0	12	37	65	69
testWeibo1755	0	58	89	104	127
testWeibo1756	0	19	24	30	34
testWeibo1757	0	2	2	3	6
testWeibo1758	0	178	265	325	367
testWeibo1759	0	24	39	51	56
testWeibo1760	0	110	268	356	426
testWeibo1761	0	11	15	22	24
testWeibo1762	0	21	30	35	36
testWeibo1763	0	0	1	38	55
testWeibo1764	0	22	48	61	74
testWeibo1765	0	4	6	9	46
testWeibo1766	0	31	69	126	162
testWeibo1767	0	10	20	34	43
testWeibo1768	0	22	30	53	82
testWeibo1769	0	2	4	11	16
testWeibo1770	0	3	6	13	16
testWeibo1771	0	8	12	13	14
testWeibo1772	0	16	33	71	99
testWeibo1773	0	6	15	23	34
testWeibo1774	0	76	277	381	494
testWeibo1775	0	7	14	19	21
testWeibo1776	0	352	535	651	728
testWeibo1777	0	47	114	136	150
testWeibo1778	0	30	62	87	106
testWeibo1779	0	25	43	64	81
testWeibo1780	0	111	166	210	257
testWeibo1781	0	26	38	54	66
testWeibo1782	0	41	152	275	404
testWeibo1783	0	13	20	23	31
testWeibo1784	0	1	26	72	120
testWeibo1785	0	13	27	38	55
testWeibo1786	0	14	29	35	47
testWeibo1787	0	11	25	31	40
testWeibo1788	0	10	19	22	29
testWeibo1789	0	31	54	66	76
testWeibo1790	0	10	20	29	43
testWeibo1791	0	1	7	15	18
testWeibo1792	0	44	56	60	63
testWeibo1793	0	15	24	26	30
testWeibo1794	0	43	62	92	115
testWeibo1795	0	424	594	682	758
testWeibo1796	0	100	195	284	346
testWeibo1797	0	130	269	499	610
testWeibo1798	0	5	6	9	12
testWeibo1799	0	260	364	432	481
testWeibo1800	0	31	65	127	177
testWeibo1801	0	59	87	105	119
testWeibo1802	0	12	15	15	16
testWeibo1803	0	13	18	25	26
testWeibo1804	0	19	35	54	66
testWeibo1805	0	5	7	9	12
testWeibo1806	0	100	140	157	180
testWeibo1807	0	9	18	20	25
testWeibo1808	0	18	31	38	45
testWeibo1809	0	11	24	35	44
testWeibo1810	0	13	25	56	61
testWeibo1811	0	53	128	212	283
testWeibo1812	0	43	64	80	84
testWeibo1813	0	11	25	30	37
testWeibo1814	0	20	28	34	39
testWeibo1815	0	176	267	314	332
testWeibo1816	0	3	30	88	145
testWeibo1817	0	3	4	6	8
testWeibo1818	0	5	12	17	18
testWeibo1819	0	61	93	132	173
testWeibo1820	0	60	170	254	341
testWeibo1821	0	29	75	134	176
testWeibo1822	0	56	109	139	160
testWeibo1823	0	12	27	38	43
testWeibo1824	0	421	655	788	842
testWeibo1825	0	17	26	32	45
testWeibo1826	0	1	73	95	116
testWeibo1827	0	17	30	40	51
testWeibo1828	0	14	37	138	220
testWeibo1829	0	442	563	609	638
testWeibo1830	0	7	10	17	22
testWeibo1831	0	20	62	97	123
testWeibo1832	0	20	34	42	50
testWeibo1833	0	192	506	700	796
testWeibo1834	0	106	172	208	263
testWeibo1835	0	7	9	12	16
testWeibo1836	0	27	39	56	81
testWeibo1837	0	5	13	18	22
testWeibo1838	0	65	122	189	285
testWeibo1839	0	23	41	51	57
testWeibo1840	0	11	21	34	44
testWeibo1841	0	47	71	83	91
testWeibo1842	0	14	106	183	210
testWeibo1843	0	19	44	63	69
testWeibo1844	0	17	31	39	44
testWeibo1845	0	117	184	213	237
testWeibo1846	0	100	230	424	594
testWeibo1847	0	11	17	28	37
testWeibo1848	0	129	255	330	404
testWeibo1849	0	367	494	571	629
testWeibo1850	0	40	77	104	115
testWeibo1851	0	51	120	156	181
testWeibo1852	0	54	109	150	189
testWeibo1853	0	5	8	15	36
testWeibo1854	0	174	257	332	383
testWeibo1855	0	244	351	408	442
testWeibo1856	0	13	31	37	42
testWeibo1857	0	41	80	105	123
testWeibo1858	0	90	239	357	450
testWeibo1859	0	15	22	35	141
testWeibo1860	0	202	407	517	590
testWeibo1861	0	8	32	109	165
testWeibo1862	0	296	612	721	802
testWeibo1863	0	632	682	694	699
testWeibo1864	0	179	291	330	345
testWeibo1865	0	53	213	327	445
testWeibo1866	0	37	55	74	87
testWeibo1867	0	5	13	21	22
testWeibo1868	0	54	112	158	193
testWeibo1869	0	86	106	126	140
testWeibo1870	0	5	13	19	26
testWeibo1871	0	13	25	33	38
testWeibo1872	0	10	19	26	36
testWeibo1873	0	21	41	53	59
testWeibo1874	0	8	13	14	21
testWeibo1875	0	8	13	16	19
testWeibo1876	0	14	28	77	123
testWeibo1877	0	57	158	278	398
testWeibo1878	0	54	82	103	118
testWeibo1879	0	100	164	203	230
testWeibo1880	0	175	342	470	557
testWeibo1881	0	4	6	10	12
testWeibo1882	0	14	21	28	38
testWeibo1883	0	1	3	6	7
testWeibo1884	0	8	19	22	23
testWeibo1885	0	2	7	8	8
testWeibo1886	0	17	102	181	234
testWeibo1887	0	39	75	101	133
testWeibo1888	0	32	51	65	93
testWeibo1889	0	1	69	147	186
testWeibo1890	0	2	4	7	11
testWeibo1891	0	6	11	11	12
testWeibo1892	0	1	2	11	13
testWeibo1893	0	0	13	13	22
testWeibo1894	0	24	42	74	84
testWeibo1895	0	79	193	257	302
testWeibo1896	0	7	68	118	148
testWeibo1897	0	44	165	361	533
testWeibo1898	0	41	60	71	82
testWeibo1899	0	30	46	53	62
testWeibo1900	0	13	19	24	30
testWeibo1901	0	134	182	202	221
testWeibo1902	0	23	34	37	50
testWeibo1903	0	4	6	10	11
testWeibo1904	0	40	55	71	83
testWeibo1905	0	190	305	478	510
testWeibo1906	0	26	37	44	48
testWeibo1907	0	21	37	55	68
testWeibo1908	0	57	96	112	126
testWeibo1909	0	95	219	318	472
testWeibo1910	0	15	22	29	31
testWeibo1911	0	12	13	17	19
testWeibo1912	0	22	33	53	84
testWeibo1913	0	186	339	447	526
testWeibo1914	0	83	184	240	290
testWeibo1915	0	17	27	34	39
testWeibo1916	0	23	36	42	54
testWeibo1917	0	108	184	244	296
testWeibo1918	0	30	51	60	68
testWeibo1919	0	5	12	18	44
testWeibo1920	0	31	109	205	309
testWeibo1921	0	29	56	67	78
testWeibo1922	0	59	125	183	216
testWeibo1923	0	120	224	292	347
testWeibo1924	0	8	14	14	16
testWeibo1925	0	205	400	518	602
testWeibo1926	0	19	29	39	44
testWeibo1927	0	14	28	38	45
testWeibo1928	0	1	15	23	27
testWeibo1929	0	1	3	4	6
testWeibo1930	0	88	171	289	364
testWeibo1931	0	104	185	247	289
testWeibo1932	0	12	19	22	27
testWeibo1933	0	37	59	69	75
testWeibo1934	0	45	81	102	113
testWeibo1935	0	85	157	191	212
testWeibo1936	0	46	98	143	181
testWeibo1937	0	0	1	8	15
testWeibo1938	0	41	64	74	85
testWeibo1939	0	120	187	260	311
testWeibo1940	0	4	16	26	31
testWeibo1941	0	23	33	49	53
testWeibo1942	0	7	11	11	11
testWeibo1943	0	21	44	70	83
testWeibo1944	0	67	126	145	159
testWeibo1945	0	21	39	44	49
testWeibo1946	0	19	34	48	57
testWeibo1947	0	40	71	80	91
testWeibo1948	0	26	47	59	68
testWeibo1949	0	13	17	33	57
testWeibo1950	0	1	2	6	7
testWeibo1951	0	23	47	97	134
testWeibo1952	0	7	11	12	16
testWeibo1953	0	9	12	15	19
testWeibo1954	0	8	15	19	23
testWeibo1955	0	56	116	169	219
testWeibo1956	0	66	113	157	229
testWeibo1957	0	84	153	204	257
testWeibo1958	0	150	386	661	661
testWeibo1959	0	22	40	50	56
testWeibo1960	0	78	145	196	233
testWeibo1961	0	1	5	12	16
testWeibo1962	0	45	63	69	72
testWeibo1963	0	44	207	239	256
testWeibo1964	0	7	15	17	19
testWeibo1965	0	12	28	35	51
testWeibo1966	0	1	3	6	13
testWeibo1967	0	16	75	137	204
testWeibo1968	0	4	8	8	12
testWeibo1969	0	46	71	101	116
testWeibo1970	0	10	16	21	22
testWeibo1971	0	14	20	25	25
testWeibo1972	0	9	19	26	34
testWeibo1973	0	4	4	6	7
testWeibo1974	0	25	48	56	70
testWeibo1975	0	19	36	45	47
testWeibo1976	0	3	9	13	13
testWeibo1977	0	8	16	21	25
testWeibo1978	0	75	110	138	174
testWeibo1979	0	1	4	6	6
testWeibo1980	0	57	89	118	145
testWeibo1981	0	397	740	895	976
testWeibo1982	0	39	67	91	107
testWeibo1983	0	4	5	5	6
testWeibo1984	0	11	19	30	43
testWeibo1985	0	22	43	56	68
testWeibo1986	0	239	413	503	586
testWeibo1987	0	6	12	13	25
testWeibo1988	0	2	47	100	123
testWeibo1989	0	74	125	183	227
testWeibo1990	0	9	20	25	39
testWeibo1991	0	9	13	20	21
testWeibo1992	0	333	534	660	735
testWeibo1993	0	540	705	778	841
testWeibo1994	0	253	389	450	511
testWeibo1995	0	3	5	8	10
testWeibo1996	0	142	210	264	325
testWeibo1997	0	5	14	22	29
testWeibo1998	0	25	49	60	75
testWeibo1999	0	80	114	114	186
testWeibo2000	0	39	115	186	246
testWeibo2001	0	23	35	46	51
testWeibo2002	0	35	44	53	67
testWeibo2003	0	20	39	67	89
testWeibo2004	0	14	26	33	39
testWeibo2005	0	27	68	124	179
testWeibo2006	0	24	39	46	57
testWeibo2007	0	95	209	303	363
testWeibo2008	0	3	5	7	8
testWeibo2009	0	41	66	86	101
testWeibo2010	0	43	75	105	125
testWeibo2011	0	22	50	68	103
testWeibo2012	0	18	40	58	71
testWeibo2013	0	20	31	47	56
testWeibo2014	0	9	11	15	18
testWeibo2015	0	135	273	336	388
testWeibo2016	0	11	25	34	38
testWeibo2017	0	46	83	97	109
testWeibo2018	0	18	119	207	266
testWeibo2019	0	16	34	41	50
testWeibo2020	0	2	5	12	22
testWeibo2021	0	21	30	35	35
testWeibo2022	0	47	69	85	99
testWeibo2023	0	68	101	138	159
testWeibo2024	0	200	330	405	451
testWeibo2025	0	2	63	142	208
testWeibo2026	0	11	36	64	94
testWeibo2027	0	19	23	27	33
testWeibo2028	0	31	49	65	78
testWeibo2029	0	21	33	46	56
testWeibo2030	0	17	17	17	17
testWeibo2031	0	31	50	67	82
testWeibo2032	0	0	2	11	11
testWeibo2033	0	146	276	405	508
testWeibo2034	0	14	57	92	127
testWeibo2035	0	24	37	42	54
testWeibo2036	0	43	66	123	149
testWeibo2037	0	12	30	44	46
testWeibo2038	0	5	12	14	17
testWeibo2039	0	4	7	9	10
testWeibo2040	0	2	6	6	7
testWeibo2041	0	162	273	371	442
testWeibo2042	0	13	20	30	41
testWeibo2043	0	33	64	94	114
testWeibo2044	0	3	9	14	15
testWeibo2045	0	14	25	32	37
testWeibo2046	0	16	28	39	41
testWeibo2047	0	4	6	6	6
testWeibo2048	0	201	311	475	563
testWeibo2049	0	84	243	329	370
testWeibo2050	0	22	33	55	93
testWeibo2051	0	3	6	14	18
testWeibo2052	0	10	13	17	20
testWeibo2053	0	1	2	49	107
testWeibo2054	0	6	8	19	35
testWeibo2055	0	17	59	95	135
testWeibo2056	0	5	48	76	86
testWeibo2057	0	6	48	99	147
testWeibo2058	0	5	9	13	16
testWeibo2059	0	88	236	364	427
testWeibo2060	0	65	108	122	148
testWeibo2061	0	42	92	135	171
testWeibo2062	0	4	10	11	14
testWeibo2063	0	45	85	94	130
testWeibo2064	0	22	36	47	64
testWeibo2065	0	27	67	84	109
testWeibo2066	0	39	43	50	53
testWeibo2067	0	87	130	152	176
testWeibo2068	0	54	83	122	155
testWeibo2069	0	39	56	83	102
testWeibo2070	0	73	163	251	313
testWeibo2071	0	7	14	15	24
testWeibo2072	0	8	30	55	75
testWeibo2073	0	106	122	132	138
testWeibo2074	0	23	32	40	45
testWeibo2075	0	101	152	216	260
testWeibo2076	0	201	318	400	536
testWeibo2077	0	2	8	15	15
testWeibo2078	0	1	11	67	136
testWeibo2079	0	10	22	26	33
testWeibo2080	0	10	25	40	52
testWeibo2081	0	22	37	47	54
testWeibo2082	0	14	22	32	37
testWeibo2083	0	55	118	180	224
testWeibo2084	0	229	297	330	347
testWeibo2085	0	11	26	34	39
testWeibo2086	0	2	3	9	68
testWeibo2087	0	11	36	50	54
testWeibo2088	0	8	13	15	17
testWeibo2089	0	23	42	57	75
testWeibo2090	0	0	12	29	52
testWeibo2091	0	12	21	25	27
testWeibo2092	0	23	29	40	46
testWeibo2093	0	89	151	193	227
testWeibo2094	0	151	274	339	386
testWeibo2095	0	55	94	128	145
testWeibo2096	0	6	12	23	35
testWeibo2097	0	32	99	150	196
testWeibo2098	0	16	28	38	43
testWeibo2099	0	10	25	40	69
testWeibo2100	0	19	30	43	46
testWeibo2101	0	22	37	48	55
testWeibo2102	0	0	2	4	6
testWeibo2103	0	50	74	96	117
testWeibo2104	0	5	6	7	8
testWeibo2105	0	12	21	31	36
testWeibo2106	0	38	78	122	161
testWeibo2107	0	23	34	40	45
testWeibo2108	0	622	714	748	757
testWeibo2109	0	78	148	219	240
testWeibo2110	0	368	542	631	685
testWeibo2111	0	294	433	519	591
testWeibo2112	0	443	729	830	896
testWeibo2113	0	9	28	108	165
testWeibo2114	0	76	149	166	179
testWeibo2115	0	254	339	368	385
testWeibo2116	0	400	514	568	638
testWeibo2117	0	25	52	81	101
testWeibo2118	0	54	91	109	120
testWeibo2119	0	22	39	50	62
testWeibo2120	0	23	28	37	64
testWeibo2121	0	182	313	377	427
testWeibo2122	0	244	395	479	571
testWeibo2123	0	22	32	39	44
testWeibo2124	0	27	46	52	57
testWeibo2125	0	9	10	11	12
testWeibo2126	0	11	22	27	32
testWeibo2127	0	0	167	167	167
testWeibo2128	0	78	119	142	154
testWeibo2129	0	12	24	39	45
testWeibo2130	0	187	530	691	779
testWeibo2131	0	11	42	57	64
testWeibo2132	0	7	9	11	13
testWeibo2133	0	4	14	23	39
testWeibo2134	0	5	12	16	23
testWeibo2135	0	47	115	166	217
testWeibo2136	0	52	87	128	155
testWeibo2137	0	4	14	66	96
testWeibo2138	0	21	42	50	61
testWeibo2139	0	111	196	266	307
testWeibo2140	0	110	225	297	356
testWeibo2141	0	30	55	70	91
testWeibo2142	0	2	4	17	78
testWeibo2143	0	41	67	86	98
testWeibo2144	0	20	40	62	74
testWeibo2145	0	60	94	128	154
testWeibo2146	0	11	26	44	49
testWeibo2147	0	12	19	24	31
testWeibo2148	0	6	11	15	16
testWeibo2149	0	3	7	8	9
testWeibo2150	0	21	28	34	38
testWeibo2151	0	10	19	23	26
testWeibo2152	0	25	50	135	206
testWeibo2153	0	23	36	42	47
testWeibo2154	0	28	45	56	68
testWeibo2155	0	12	18	29	53
testWeibo2156	0	0	3	51	187
testWeibo2157	0	51	85	105	123
testWeibo2158	0	59	106	155	192
testWeibo2159	0	1	2	2	43
testWeibo2160	0	314	472	572	637
testWeibo2161	0	218	317	358	378
testWeibo2162	0	361	528	610	689
testWeibo2163	0	419	678	784	854
testWeibo2164	0	530	708	800	866
testWeibo2165	0	9	25	31	32
testWeibo2166	0	26	70	95	119
testWeibo2167	0	125	226	264	290
testWeibo2168	0	16	88	135	203
testWeibo2169	0	11	42	61	97
testWeibo2170	0	17	28	39	48
testWeibo2171	0	25	104	168	204
testWeibo2172	0	19	34	44	57
testWeibo2173	0	25	33	41	87
testWeibo2174	0	28	56	71	85
testWeibo2175	0	62	206	342	424
testWeibo2176	0	6	24	33	41
testWeibo2177	0	70	130	181	214
testWeibo2178	0	28	39	57	67
testWeibo2179	0	36	69	84	92
testWeibo2180	0	11	15	17	18
testWeibo2181	0	65	103	129	157
testWeibo2182	0	0	0	6	27
testWeibo2183	0	14	66	125	170
testWeibo2184	0	45	71	98	120
testWeibo2185	0	3	7	12	14
testWeibo2186	0	10	23	28	29
testWeibo2187	0	1	1	7	14
testWeibo2188	0	105	219	268	270
testWeibo2189	0	23	27	32	33
testWeibo2190	0	26	47	57	68
testWeibo2191	0	128	198	235	401
testWeibo2192	0	173	270	312	330
testWeibo2193	0	15	50	58	70
testWeibo2194	0	320	438	510	562
testWeibo2195	0	0	17	36	45
testWeibo2196	0	22	43	55	61
testWeibo2197	0	46	74	102	127
testWeibo2198	0	6	12	15	17
testWeibo2199	0	9	19	26	32
testWeibo2200	0	146	343	424	517
testWeibo2201	0	13	32	49	56
testWeibo2202	0	2	4	5	8
testWeibo2203	0	496	693	862	909
testWeibo2204	0	0	4	9	11
testWeibo2205	0	373	522	603	670
testWeibo2206	0	9	17	31	35
testWeibo2207	0	10	14	20	38
testWeibo2208	0	14	34	43	53
testWeibo2209	0	91	164	224	293
testWeibo2210	0	24	45	51	59
testWeibo2211	0	5	16	28	36
testWeibo2212	0	2	4	8	10
testWeibo2213	0	11	16	40	52
testWeibo2214	0	1	1	5	9
testWeibo2215	0	2	8	16	23
testWeibo2216	0	42	67	75	83
testWeibo2217	0	13	25	35	44
testWeibo2218	0	51	265	455	571
testWeibo2219	0	14	27	41	52
testWeibo2220	0	29	54	77	93
testWeibo2221	0	388	465	494	509
testWeibo2222	0	0	5	23	31
testWeibo2223	0	13	32	49	55
testWeibo2224	0	4	25	74	108
testWeibo2225	0	4	13	31	51
testWeibo2226	0	6	11	18	21
testWeibo2227	0	84	139	196	225
testWeibo2228	0	84	120	142	160
testWeibo2229	0	34	69	101	122
testWeibo2230	0	10	18	30	54
testWeibo2231	0	13	43	76	116
testWeibo2232	0	103	154	176	195
testWeibo2233	0	28	45	57	73
testWeibo2234	0	18	38	76	106
testWeibo2235	0	17	25	34	37
testWeibo2236	0	99	126	147	160
testWeibo2237	0	15	29	37	50
testWeibo2238	0	120	201	247	302
testWeibo2239	0	4	10	17	20
testWeibo2240	0	22	43	50	57
testWeibo2241	0	26	47	63	77
testWeibo2242	0	22	36	54	65
testWeibo2243	0	36	66	84	94
testWeibo2244	0	4	6	8	9
testWeibo2245	0	14	22	25	28
testWeibo2246	0	44	79	90	105
testWeibo2247	0	26	82	115	131
testWeibo2248	0	40	82	103	118
testWeibo2249	0	14	22	29	34
testWeibo2250	0	13	58	94	117
testWeibo2251	0	128	186	211	239
testWeibo2252	0	36	137	263	387
testWeibo2253	0	40	66	89	106
testWeibo2254	0	23	35	44	50
testWeibo2255	0	2	4	7	11
testWeibo2256	0	119	232	326	390
testWeibo2257	0	10	32	51	58
testWeibo2258	0	3	6	20	44
testWeibo2259	0	1	6	28	51
testWeibo2260	0	69	134	139	140
testWeibo2261	0	193	378	519	586
testWeibo2262	0	24	48	60	69
testWeibo2263	0	5	8	9	14
testWeibo2264	0	24	41	55	62
testWeibo2265	0	17	34	50	60
testWeibo2266	0	14	27	33	46
testWeibo2267	0	15	23	30	37
testWeibo2268	0	235	306	349	396
testWeibo2269	0	8	9	38	70
testWeibo2270	0	4	5	7	15
testWeibo2271	0	0	3	7	45
testWeibo2272	0	25	87	130	182
testWeibo2273	0	12	17	23	28
testWeibo2274	0	32	51	56	72
testWeibo2275	0	37	52	71	83
testWeibo2276	0	55	81	99	116
testWeibo2277	0	21	33	41	46
testWeibo2278	0	4	13	23	51
testWeibo2279	0	13	16	24	36
testWeibo2280	0	434	678	746	805
testWeibo2281	0	4	4	5	6
testWeibo2282	0	98	163	179	195
testWeibo2283	0	13	44	91	127
testWeibo2284	0	58	72	83	86
testWeibo2285	0	2	4	9	10
testWeibo2286	0	1	5	11	15
testWeibo2287	0	84	115	176	241
testWeibo2288	0	6	7	7	7
testWeibo2289	0	20	36	42	47
testWeibo2290	0	98	154	193	218
testWeibo2291	0	26	44	47	53
testWeibo2292	0	12	28	40	45
testWeibo2293	0	411	620	712	782
testWeibo2294	0	35	58	83	93
testWeibo2295	0	96	175	232	286
testWeibo2296	0	5	12	19	23
testWeibo2297	0	33	52	63	67
testWeibo2298	0	32	55	60	72
testWeibo2299	0	10	17	27	32
testWeibo2300	0	80	122	151	181
testWeibo2301	0	17	22	28	30
testWeibo2302	0	14	23	28	29
testWeibo2303	0	25	250	284	312
testWeibo2304	0	1	4	24	37
testWeibo2305	0	5	7	8	8
testWeibo2306	0	4	10	11	31
testWeibo2307	0	3	12	23	48
testWeibo2308	0	5	7	11	12
testWeibo2309	0	100	173	221	254
testWeibo2310	0	65	102	124	143
testWeibo2311	0	29	45	55	64
testWeibo2312	0	25	32	38	45
testWeibo2313	0	4	5	18	113
testWeibo2314	0	643	761	839	871
testWeibo2315	0	57	79	104	119
testWeibo2316	0	2	5	11	25
testWeibo2317	0	10	19	34	49
testWeibo2318	0	8	13	14	15
testWeibo2319	0	253	294	302	304
testWeibo2320	0	47	61	71	217
testWeibo2321	0	5	10	13	16
testWeibo2322	0	18	34	43	53
testWeibo2323	0	1	5	15	19
testWeibo2324	0	1	3	5	7
testWeibo2325	0	0	1	3	6
testWeibo2326	0	53	60	65	70
testWeibo2327	0	154	425	555	685
testWeibo2328	0	33	52	61	69
testWeibo2329	0	338	477	577	639
testWeibo2330	0	30	67	75	92
testWeibo2331	0	206	345	439	497
testWeibo2332	0	78	97	106	118
testWeibo2333	0	8	13	13	13
testWeibo2334	0	56	119	152	189
testWeibo2335	0	31	45	56	70
testWeibo2336	0	72	115	145	168
testWeibo2337	0	26	37	41	45
testWeibo2338	0	3	6	12	21
testWeibo2339	0	15	25	32	38
testWeibo2340	0	20	26	32	38
testWeibo2341	0	3	4	8	8
testWeibo2342	0	35	56	69	76
testWeibo2343	0	30	44	68	89
testWeibo2344	0	13	32	42	47
testWeibo2345	0	28	45	56	80
testWeibo2346	0	13	23	31	35
testWeibo2347	0	0	0	16	23
testWeibo2348	0	104	154	186	211
testWeibo2349	0	4	5	7	14
testWeibo2350	0	11	15	20	23
testWeibo2351	0	10	15	19	21
testWeibo2352	0	58	112	167	232
testWeibo2353	0	5	34	81	96
testWeibo2354	0	25	48	57	60
testWeibo2355	0	5	8	12	16
testWeibo2356	0	51	97	119	146
testWeibo2357	0	33	52	77	91
testWeibo2358	0	29	58	81	89
testWeibo2359	0	26	37	55	268
testWeibo2360	0	8	14	22	27
testWeibo2361	0	99	110	115	117
testWeibo2362	0	4	6	8	10
testWeibo2363	0	16	25	45	49
testWeibo2364	0	62	85	95	102
testWeibo2365	0	33	117	230	267
testWeibo2366	0	58	108	177	268
testWeibo2367	0	23	36	51	56
testWeibo2368	0	11	21	25	26
testWeibo2369	0	9	29	41	49
testWeibo2370	0	28	60	77	81
testWeibo2371	0	16	25	30	33
testWeibo2372	0	6	19	26	37
testWeibo2373	0	22	41	49	65
testWeibo2374	0	8	16	19	25
testWeibo2375	0	0	2	18	40
testWeibo2376	0	0	0	0	22
testWeibo2377	0	29	37	48	53
testWeibo2378	0	5	14	22	28
testWeibo2379	0	28	42	54	57
testWeibo2380	0	119	244	348	410
testWeibo2381	0	44	73	96	108
testWeibo2382	0	99	168	218	239
testWeibo2383	0	3	7	9	10
testWeibo2384	0	31	45	75	89
testWeibo2385	0	42	54	64	74
testWeibo2386	0	47	60	79	99
testWeibo2387	0	46	84	116	137
testWeibo2388	0	16	27	32	36
testWeibo2389	0	25	39	49	67
testWeibo2390	0	8	22	30	34
testWeibo2391	0	8	35	106	224
testWeibo2392	0	17	23	37	51
testWeibo2393	0	2	2	3	6
testWeibo2394	0	11	21	34	44
testWeibo2395	0	56	117	140	148
testWeibo2396	0	10	24	35	44
testWeibo2397	0	8	54	92	106
testWeibo2398	0	5	11	18	21
testWeibo2399	0	129	180	191	197
testWeibo2400	0	3	14	27	38
testWeibo2401	0	37	67	79	90
testWeibo2402	0	21	38	52	63
testWeibo2403	0	15	24	25	30
testWeibo2404	0	29	50	68	81
testWeibo2405	0	29	60	75	87
testWeibo2406	0	65	109	140	172
testWeibo2407	0	31	39	82	109
testWeibo2408	0	63	94	108	117
testWeibo2409	0	21	30	36	44
testWeibo2410	0	37	59	69	76
testWeibo2411	0	27	53	73	87
testWeibo2412	0	40	65	76	87
testWeibo2413	0	20	34	44	53
testWeibo2414	0	8	21	31	36
testWeibo2415	0	114	194	280	325
testWeibo2416	0	14	28	33	36
testWeibo2417	0	54	104	133	149
testWeibo2418	0	15	39	66	88
testWeibo2419	0	47	73	90	111
testWeibo2420	0	5	15	20	23
testWeibo2421	0	30	47	63	69
testWeibo2422	0	20	31	39	53
testWeibo2423	0	11	18	21	24
testWeibo2424	0	5	7	11	14
testWeibo2425	0	9	18	24	26
testWeibo2426	0	2	4	5	8
testWeibo2427	0	4	6	8	10
testWeibo2428	0	90	126	148	162
testWeibo2429	0	93	126	150	167
testWeibo2430	0	28	49	60	81
testWeibo2431	0	5	7	11	11
testWeibo2432	0	12	70	78	83
testWeibo2433	0	53	73	94	106
testWeibo2434	0	13	29	34	42
testWeibo2435	0	15	22	35	50
testWeibo2436	0	41	60	71	111
testWeibo2437	0	19	30	45	56
testWeibo2438	0	21	34	42	52
testWeibo2439	0	7	21	25	29
testWeibo2440	0	114	217	310	340
testWeibo2441	0	20	36	41	46
testWeibo2442	0	100	211	271	323
testWeibo2443	0	26	35	39	40
testWeibo2444	0	33	59	77	90
testWeibo2445	0	89	188	221	241
testWeibo2446	0	3	4	7	27
testWeibo2447	0	59	90	115	131
testWeibo2448	0	85	135	180	223
testWeibo2449	0	112	208	265	306
testWeibo2450	0	90	138	172	188
testWeibo2451	0	103	162	205	246
testWeibo2452	0	26	41	51	58
testWeibo2453	0	27	37	43	45
testWeibo2454	0	5	6	7	8
testWeibo2455	0	50	71	86	91
testWeibo2456	0	18	74	121	143
testWeibo2457	0	48	159	246	307
testWeibo2458	0	32	48	58	64
testWeibo2459	0	15	37	73	94
testWeibo2460	0	49	67	82	88
testWeibo2461	0	16	26	28	51
testWeibo2462	0	9	20	25	31
testWeibo2463	0	15	34	54	65
testWeibo2464	0	8	15	26	29
testWeibo2465	0	45	81	91	102
testWeibo2466	0	172	196	215	221
testWeibo2467	0	278	400	455	487
testWeibo2468	0	26	38	45	49
testWeibo2469	0	36	59	75	101
testWeibo2470	0	25	29	40	44
testWeibo2471	0	10	17	26	31
testWeibo2472	0	2	4	5	6
testWeibo2473	0	15	26	32	39
testWeibo2474	0	30	49	61	69
testWeibo2475	0	12	23	33	37
testWeibo2476	0	8	10	13	13
testWeibo2477	0	17	30	37	46
testWeibo2478	0	27	52	65	71
testWeibo2479	0	24	35	38	42
testWeibo2480	0	4	7	12	13
testWeibo2481	0	4	28	124	228
testWeibo2482	0	32	45	70	89
testWeibo2483	0	51	88	143	165
testWeibo2484	0	22	31	34	38
testWeibo2485	0	4	4	5	7
testWeibo2486	0	361	558	681	783
testWeibo2487	0	19	32	45	58
testWeibo2488	0	10	17	20	22
testWeibo2489	0	53	189	257	305
testWeibo2490	0	68	116	138	151
testWeibo2491	0	4	7	7	10
testWeibo2492	0	23	68	79	88
testWeibo2493	0	6	16	29	36
testWeibo2494	0	2	18	29	34
testWeibo2495	0	0	0	15	38
testWeibo2496	0	77	121	136	166
testWeibo2497	0	37	73	90	99
testWeibo2498	0	20	47	67	72
testWeibo2499	0	42	83	106	121
testWeibo2500	0	28	54	58	66
testWeibo2501	0	9	14	15	23
testWeibo2502	0	7	11	11	13
testWeibo2503	0	29	58	99	146
testWeibo2504	0	12	24	35	52
testWeibo2505	0	14	21	25	32
testWeibo2506	0	32	58	79	89
testWeibo2507	0	10	18	22	22
testWeibo2508	0	42	81	93	100
testWeibo2509	0	4	8	9	10
testWeibo2510	0	3	17	22	25
testWeibo2511	0	46	83	102	122
testWeibo2512	0	4	8	9	9
testWeibo2513	0	17	81	104	109
testWeibo2514	0	14	31	55	69
testWeibo2515	0	57	87	104	114
testWeibo2516	0	45	66	79	93
testWeibo2517	0	45	74	82	90
testWeibo2518	0	81	88	93	93
testWeibo2519	0	12	23	28	29
testWeibo2520	0	34	39	76	94
testWeibo2521	0	11	22	30	37
testWeibo2522	0	26	62	85	100
testWeibo2523	0	14	27	31	35
testWeibo2524	0	8	22	30	35
testWeibo2525	0	3	7	8	8
testWeibo2526	0	13	21	24	25
testWeibo2527	0	77	128	159	186
testWeibo2528	0	0	0	18	50
testWeibo2529	0	31	51	62	72
testWeibo2530	0	33	45	52	59
testWeibo2531	0	5	13	30	51
testWeibo2532	0	12	17	22	28
testWeibo2533	0	9	25	34	52
testWeibo2534	0	30	37	43	43
testWeibo2535	0	9	36	51	62
testWeibo2536	0	11	21	28	32
testWeibo2537	0	134	215	271	346
testWeibo2538	0	1	11	43	91
testWeibo2539	0	36	62	74	88
testWeibo2540	0	109	136	146	153
testWeibo2541	0	44	112	157	203
testWeibo2542	0	1	2	4	6
testWeibo2543	0	6	8	8	10
testWeibo2544	0	52	79	94	107
testWeibo2545	0	22	47	66	82
testWeibo2546	0	18	38	44	49
testWeibo2547	0	26	40	64	84
testWeibo2548	0	45	78	94	104
testWeibo2549	0	16	26	35	39
testWeibo2550	0	69	91	98	103
testWeibo2551	0	13	23	34	45
testWeibo2552	0	1	5	8	10
testWeibo2553	0	39	63	85	100
testWeibo2554	0	2	9	12	22
testWeibo2555	0	66	96	119	132
testWeibo2556	0	51	88	119	144
testWeibo2557	0	25	38	53	66
testWeibo2558	0	10	24	29	33
testWeibo2559	0	27	48	72	81
testWeibo2560	0	5	11	13	14
testWeibo2561	0	10	18	31	40
testWeibo2562	0	40	72	98	116
testWeibo2563	0	37	58	80	91
testWeibo2564	0	19	25	30	31
testWeibo2565	0	20	30	37	40
testWeibo2566	0	2	11	22	33
testWeibo2567	0	120	312	417	485
testWeibo2568	0	84	297	445	520
testWeibo2569	0	106	236	352	443
testWeibo2570	0	114	164	197	209
testWeibo2571	0	61	90	111	132
testWeibo2572	0	45	88	122	158
testWeibo2573	0	4	5	9	14
testWeibo2574	0	33	81	293	412
testWeibo2575	0	73	145	185	239
testWeibo2576	0	57	173	264	313
testWeibo2577	0	6	11	18	36
testWeibo2578	0	19	36	40	48
testWeibo2579	0	314	431	498	525
testWeibo2580	0	3	8	12	16
testWeibo2581	0	11	21	28	41
testWeibo2582	0	13	26	41	53
testWeibo2583	0	4	8	16	26
testWeibo2584	0	40	75	87	99
testWeibo2585	0	11	28	33	40
testWeibo2586	0	42	62	73	77
testWeibo2587	0	5	10	12	13
testWeibo2588	0	17	27	37	39
testWeibo2589	0	11	32	44	84
testWeibo2590	0	9	32	43	44
testWeibo2591	0	51	101	123	140
testWeibo2592	0	43	68	90	103
testWeibo2593	0	38	57	74	88
testWeibo2594	0	68	106	129	167
testWeibo2595	0	1	11	24	32
testWeibo2596	0	33	145	257	318
testWeibo2597	0	89	112	131	157
testWeibo2598	0	23	39	57	64
testWeibo2599	0	4	7	14	18
testWeibo2600	0	11	31	54	66
testWeibo2601	0	15	20	26	31
testWeibo2602	0	18	32	42	50
testWeibo2603	0	8	22	30	35
testWeibo2604	0	18	30	41	47
testWeibo2605	0	9	15	20	28
testWeibo2606	0	19	24	27	30
testWeibo2607	0	29	44	52	57
testWeibo2608	0	44	61	72	80
testWeibo2609	0	3	52	69	93
testWeibo2610	0	15	27	29	32
testWeibo2611	0	14	28	34	43
testWeibo2612	0	22	47	67	76
testWeibo2613	0	19	26	35	38
testWeibo2614	0	9	13	14	14
testWeibo2615	0	31	42	48	58
testWeibo2616	0	4	8	10	10
testWeibo2617	0	9	10	12	15
testWeibo2618	0	28	38	42	49
testWeibo2619	0	4	6	7	7
testWeibo2620	0	54	115	141	154
testWeibo2621	0	22	41	61	79
testWeibo2622	0	5	11	12	12
testWeibo2623	0	9	92	215	242
testWeibo2624	0	23	38	57	69
testWeibo2625	0	127	202	242	275
testWeibo2626	0	37	53	65	73
testWeibo2627	0	28	45	49	53
testWeibo2628	0	7	9	10	12
testWeibo2629	0	35	60	76	90
testWeibo2630	0	29	49	62	75
testWeibo2631	0	3	8	9	11
testWeibo2632	0	7	21	27	33
testWeibo2633	0	38	74	94	115
testWeibo2634	0	14	23	24	29
testWeibo2635	0	19	30	40	42
testWeibo2636	0	17	45	78	96
testWeibo2637	0	21	37	42	47
testWeibo2638	0	34	55	93	105
testWeibo2639	0	14	20	22	25
testWeibo2640	0	18	54	70	81
testWeibo2641	0	3	8	8	8
testWeibo2642	0	16	26	33	37
testWeibo2643	0	19	34	41	47
testWeibo2644	0	24	32	39	53
testWeibo2645	0	4	7	16	20
testWeibo2646	0	40	70	86	107
testWeibo2647	0	16	30	44	57
testWeibo2648	0	10	13	18	21
testWeibo2649	0	28	45	87	127
testWeibo2650	0	44	74	89	100
testWeibo2651	0	30	48	61	69
testWeibo2652	0	3	6	6	6
testWeibo2653	0	4	4	5	6
testWeibo2654	0	26	34	68	95
testWeibo2655	0	27	42	56	70
testWeibo2656	0	42	63	79	93
testWeibo2657	0	19	28	37	50
testWeibo2658	0	21	38	47	48
testWeibo2659	0	21	41	48	53
testWeibo2660	0	13	32	46	50
testWeibo2661	0	38	60	78	91
testWeibo2662	0	0	21	28	37
testWeibo2663	0	6	8	15	20
testWeibo2664	0	23	43	55	66
testWeibo2665	0	28	50	58	71
testWeibo2666	0	102	167	219	253
testWeibo2667	0	11	18	19	27
testWeibo2668	0	30	58	68	76
testWeibo2669	0	14	15	16	16
testWeibo2670	0	24	33	44	47
testWeibo2671	0	171	173	173	173
testWeibo2672	0	107	157	191	223
testWeibo2673	0	24	37	52	66
testWeibo2674	0	5	6	8	11
testWeibo2675	0	31	53	57	69
testWeibo2676	0	18	41	56	73
testWeibo2677	0	8	14	17	17
testWeibo2678	0	13	37	52	67
testWeibo2679	0	3	11	13	16
testWeibo2680	0	20	29	36	49
testWeibo2681	0	5	10	22	33
testWeibo2682	0	25	31	39	47
testWeibo2683	0	35	65	75	85
testWeibo2684	0	18	30	34	43
testWeibo2685	0	8	14	16	21
testWeibo2686	0	30	48	59	65
testWeibo2687	0	102	132	150	189
testWeibo2688	0	15	17	26	30
testWeibo2689	0	29	41	46	51
testWeibo2690	0	17	24	30	35
testWeibo2691	0	49	77	198	235
testWeibo2692	0	58	70	73	79
testWeibo2693	0	1	13	14	16
testWeibo2694	0	42	145	259	365
testWeibo2695	0	83	136	172	193
testWeibo2696	0	23	38	54	66
testWeibo2697	0	7	14	16	31
testWeibo2698	0	207	396	464	501
testWeibo2699	0	18	34	52	83
testWeibo2700	0	20	26	33	42
testWeibo2701	0	17	30	41	49
testWeibo2702	0	0	2	7	9
testWeibo2703	0	26	47	55	66
testWeibo2704	0	56	110	147	187
testWeibo2705	0	14	29	37	43
testWeibo2706	0	23	35	38	40
testWeibo2707	0	9	15	22	22
testWeibo2708	0	10	68	80	91
testWeibo2709	0	3	5	7	8
testWeibo2710	0	79	138	162	181
testWeibo2711	0	12	45	63	74
testWeibo2712	0	5	15	22	25
testWeibo2713	0	1	1	2	7
testWeibo2714	0	2	5	7	9
testWeibo2715	0	6	13	22	28
testWeibo2716	0	19	57	80	95
testWeibo2717	0	0	0	6	7
testWeibo2718	0	20	27	31	36
testWeibo2719	0	3	7	14	25
testWeibo2720	0	11	25	30	43
testWeibo2721	0	52	89	101	112
testWeibo2722	0	79	132	169	196
testWeibo2723	0	4	38	73	82
testWeibo2724	0	6	12	15	18
testWeibo2725	0	12	15	52	100
testWeibo2726	0	27	49	67	77
testWeibo2727	0	44	84	124	145
testWeibo2728	0	34	58	72	88
testWeibo2729	0	1	4	7	7
testWeibo2730	0	15	48	68	81
testWeibo2731	0	47	75	97	124
testWeibo2732	0	19	31	36	40
testWeibo2733	0	20	33	41	48
testWeibo2734	0	34	94	123	140
testWeibo2735	0	14	29	38	43
testWeibo2736	0	20	36	45	58
testWeibo2737	0	22	38	49	59
testWeibo2738	0	36	66	78	83
testWeibo2739	0	21	27	34	41
testWeibo2740	0	1	2	4	6
testWeibo2741	0	8	8	10	11
testWeibo2742	0	4	24	27	27
testWeibo2743	0	7	18	63	101
testWeibo2744	0	24	29	38	44
testWeibo2745	0	47	68	87	103
testWeibo2746	0	10	32	59	76
testWeibo2747	0	3	4	5	7
testWeibo2748	0	101	206	262	298
testWeibo2749	0	0	0	2	11
testWeibo2750	0	0	7	19	28
testWeibo2751	0	23	34	40	52
testWeibo2752	0	109	122	125	125
testWeibo2753	0	0	0	3	9
testWeibo2754	0	2	19	33	54
testWeibo2755	0	10	24	28	30
testWeibo2756	0	16	29	46	61
testWeibo2757	0	47	89	108	133
testWeibo2758	0	11	20	25	29
testWeibo2759	0	25	41	46	53
testWeibo2760	0	20	38	46	52
testWeibo2761	0	8	19	27	39
testWeibo2762	0	20	30	36	43
testWeibo2763	0	12	21	23	25
testWeibo2764	0	5	7	7	7
testWeibo2765	0	1	1	2	18
testWeibo2766	0	32	48	62	74
testWeibo2767	0	22	29	33	38
testWeibo2768	0	9	13	13	16
testWeibo2769	0	10	16	20	25
testWeibo2770	0	60	96	124	135
testWeibo2771	0	12	22	23	29
testWeibo2772	0	3	4	10	12
testWeibo2773	0	1	5	7	7
testWeibo2774	0	126	136	147	153
testWeibo2775	0	3	15	45	59
testWeibo2776	0	14	17	19	24
testWeibo2777	0	6	11	18	21
testWeibo2778	0	15	29	37	42
testWeibo2779	0	45	73	86	94
testWeibo2780	0	18	33	35	41
testWeibo2781	0	20	36	49	60
testWeibo2782	0	0	0	5	17
testWeibo2783	0	9	14	21	28
testWeibo2784	0	45	292	559	636
testWeibo2785	0	12	19	25	27
testWeibo2786	0	0	18	49	83
testWeibo2787	0	16	36	48	55
testWeibo2788	0	30	43	59	72
testWeibo2789	0	10	18	22	29
testWeibo2790	0	6	11	13	17
testWeibo2791	0	7	12	15	18
testWeibo2792	0	7	17	26	30
testWeibo2793	0	49	121	154	188
testWeibo2794	0	8	16	30	48
testWeibo2795	0	30	51	72	87
testWeibo2796	0	10	62	90	111
testWeibo2797	0	63	98	120	134
testWeibo2798	0	37	60	72	76
testWeibo2799	0	14	30	57	145
testWeibo2800	0	52	84	97	105
testWeibo2801	0	2	10	24	34
testWeibo2802	0	16	32	35	40
testWeibo2803	0	18	36	49	59
testWeibo2804	0	20	40	53	60
testWeibo2805	0	16	96	161	227
testWeibo2806	0	18	45	58	70
testWeibo2807	0	8	15	28	36
testWeibo2808	0	131	167	180	185
testWeibo2809	0	13	15	17	20
testWeibo2810	0	22	42	59	71
testWeibo2811	0	21	31	38	68
testWeibo2812	0	12	24	36	56
testWeibo2813	0	54	70	74	88
testWeibo2814	0	6	15	18	23
testWeibo2815	0	2	6	9	9
testWeibo2816	0	4	8	16	23
testWeibo2817	0	13	13	65	96
testWeibo2818	0	11	15	17	21
testWeibo2819	0	19	33	40	45
testWeibo2820	0	50	79	95	111
testWeibo2821	0	14	27	40	50
testWeibo2822	0	2	2	4	6
testWeibo2823	0	27	56	71	81
testWeibo2824	0	18	33	45	51
testWeibo2825	0	29	44	53	56
testWeibo2826	0	4	7	10	15
testWeibo2827	0	52	68	79	90
testWeibo2828	0	36	58	68	72
testWeibo2829	0	16	34	45	55
testWeibo2830	0	56	77	83	88
testWeibo2831	0	22	41	75	102
testWeibo2832	0	18	32	44	50
testWeibo2833	0	53	76	95	106
testWeibo2834	0	29	38	45	50
testWeibo2835	0	0	0	7	17
testWeibo2836	0	2	18	31	46
testWeibo2837	0	6	9	12	14
testWeibo2838	0	89	113	123	132
testWeibo2839	0	9	15	15	18
testWeibo2840	0	11	16	18	21
testWeibo2841	0	19	27	31	34
testWeibo2842	0	5	25	40	55
testWeibo2843	0	59	101	151	185
testWeibo2844	0	31	50	67	78
testWeibo2845	0	43	71	82	86
testWeibo2846	0	8	9	12	14
testWeibo2847	0	26	41	53	63
testWeibo2848	0	11	22	43	59
testWeibo2849	0	17	23	29	32
testWeibo2850	0	27	44	54	62
testWeibo2851	0	2	5	13	17
testWeibo2852	0	24	34	38	45
testWeibo2853	0	3	7	10	10
testWeibo2854	0	2	4	4	6
testWeibo2855	0	6	11	15	19
testWeibo2856	0	118	188	227	261
testWeibo2857	0	42	46	59	60
testWeibo2858	0	18	33	50	55
testWeibo2859	0	14	20	26	29
testWeibo2860	0	42	64	80	96
testWeibo2861	0	10	25	31	33
testWeibo2862	0	22	39	62	72
testWeibo2863	0	27	42	54	65
testWeibo2864	0	37	58	64	69
testWeibo2865	0	0	0	9	61
testWeibo2866	0	17	25	31	37
testWeibo2867	0	16	29	40	42
testWeibo2868	0	22	35	39	41
testWeibo2869	0	6	20	26	32
testWeibo2870	0	32	62	71	88
testWeibo2871	0	14	27	30	34
testWeibo2872	0	99	114	119	120
testWeibo2873	0	1	4	8	8
testWeibo2874	0	36	57	72	80
testWeibo2875	0	30	38	50	53
testWeibo2876	0	42	58	71	76
testWeibo2877	0	53	81	102	118
testWeibo2878	0	4	5	7	7
testWeibo2879	0	118	144	160	166
testWeibo2880	0	2	4	14	24
testWeibo2881	0	7	12	13	15
testWeibo2882	0	30	50	57	63
testWeibo2883	0	3	5	5	16
testWeibo2884	0	39	56	64	66
testWeibo2885	0	26	35	40	44
testWeibo2886	0	16	20	28	35
testWeibo2887	0	9	17	21	24
testWeibo2888	0	30	52	71	83
testWeibo2889	0	4	4	5	6
testWeibo2890	0	19	39	46	55
testWeibo2891	0	27	42	59	71
testWeibo2892	0	13	26	30	35
testWeibo2893	0	10	14	19	24
testWeibo2894	0	31	45	58	65
testWeibo2895	0	11	22	26	32
testWeibo2896	0	30	45	59	69
testWeibo2897	0	24	66	122	176
testWeibo2898	0	2	3	6	7
testWeibo2899	0	19	29	43	52
testWeibo2900	0	38	65	76	89
testWeibo2901	0	6	8	10	10
testWeibo2902	0	17	32	37	42
testWeibo2903	0	4	11	16	25
testWeibo2904	0	11	25	35	37
testWeibo2905	0	3	7	10	12
testWeibo2906	0	20	36	53	66
testWeibo2907	0	25	43	53	61
testWeibo2908	0	43	69	141	160
testWeibo2909	0	3	3	8	10
testWeibo2910	0	10	27	32	43
testWeibo2911	0	10	14	20	38
testWeibo2912	0	3	8	11	13
testWeibo2913	0	12	26	29	34
testWeibo2914	0	23	32	41	52
testWeibo2915	0	36	58	87	104
testWeibo2916	0	31	45	54	61
testWeibo2917	0	5	19	31	39
testWeibo2918	0	6	15	19	24
testWeibo2919	0	1	9	18	24
testWeibo2920	0	3	3	7	13
testWeibo2921	0	11	20	26	32
testWeibo2922	0	21	43	55	68
testWeibo2923	0	8	14	18	23
testWeibo2924	0	26	45	59	69
testWeibo2925	0	14	27	34	41
testWeibo2926	0	17	51	81	107
testWeibo2927	0	26	57	73	77
testWeibo2928	0	3	3	6	15
testWeibo2929	0	5	10	19	23
testWeibo2930	0	23	33	44	48
testWeibo2931	0	27	47	62	70
testWeibo2932	0	46	75	84	96
testWeibo2933	0	29	47	55	60
testWeibo2934	0	31	52	62	70
testWeibo2935	0	43	60	65	83
testWeibo2936	0	30	43	53	62
testWeibo2937	0	27	42	51	61
testWeibo2938	0	3	3	6	6
testWeibo2939	0	35	63	77	94
testWeibo2940	0	49	69	77	85
testWeibo2941	0	63	76	85	91
testWeibo2942	0	9	17	22	24
testWeibo2943	0	19	37	48	65
testWeibo2944	0	22	33	41	45
testWeibo2945	0	21	28	29	33
testWeibo2946	0	12	24	30	34
testWeibo2947	0	29	39	51	57
testWeibo2948	0	199	208	227	233
testWeibo2949	0	0	7	42	68
testWeibo2950	0	44	54	60	64
testWeibo2951	0	20	27	37	39
testWeibo2952	0	7	17	27	31
testWeibo2953	0	37	57	75	81
testWeibo2954	0	4	8	18	31
testWeibo2955	0	41	59	68	80
testWeibo2956	0	20	28	36	42
testWeibo2957	0	65	142	213	296
testWeibo2958	0	28	49	55	60
testWeibo2959	0	33	41	46	51
testWeibo2960	0	0	4	22	36
testWeibo2961	0	0	2	7	9
testWeibo2962	0	3	5	11	15
testWeibo2963	0	16	21	24	28
testWeibo2964	0	5	6	9	13
testWeibo2965	0	4	4	5	6
testWeibo2966	0	3	6	7	9
testWeibo2967	0	3	9	14	20
testWeibo2968	0	14	31	45	64
testWeibo2969	0	24	40	47	52
testWeibo2970	0	8	18	22	23
testWeibo2971	0	4	14	29	43
testWeibo2972	0	33	47	48	50
testWeibo2973	0	4	10	13	15
testWeibo2974	0	78	95	107	115
testWeibo2975	0	13	32	37	43
testWeibo2976	0	4	6	8	10
testWeibo2977	0	3	6	10	13
testWeibo2978	0	0	3	10	13
testWeibo2979	0	2	4	5	6
testWeibo2980	0	1	30	100	111
testWeibo2981	0	3	8	9	11
testWeibo2982	0	4	9	14	18
testWeibo2983	0	12	12	13	13
testWeibo2984	0	14	32	38	45
testWeibo2985	0	7	27	54	78
testWeibo2986	0	12	24	32	41
testWeibo2987	0	25	40	51	59
testWeibo2988	0	11	21	27	39
testWeibo2989	0	34	59	67	72
testWeibo2990	0	31	44	53	63
testWeibo2991	0	49	49	49	49
testWeibo2992	0	11	18	28	34
testWeibo2993	0	1	3	9	13
testWeibo2994	0	1	4	6	10
testWeibo2995	0	3	8	13	16
testWeibo2996	0	3	10	24	32
testWeibo2997	0	13	32	48	63
testWeibo2998	0	7	15	27	31
testWeibo2999	0	1	56	82	95
testWeibo3000	0	2	5	8	11
